0000 351B 0000 0000 0000 0000 0000 043A 0000 1BF1 1B80 025B 1CC2 0000 0000 00B7 0E08 144A 0C76 0000 0000 0000 0000 0000
0000 2F4B 0000 0000 0C29 0000 0000 0504 0C8E 1A92 1CFD 01D9 0000 0000 0000 026E 101C 1317 0000 0000 0000 0000 0000 0000
0000 2F50 0000 0000 0C29 0000 0000 0503 0C8C 1A92 1CFC 01D8 0000 0000 0000 0270 101D 1317 0000 0000 0000 0000 0000 0000
0000 2F52 0000 0000 0C29 0000 0000 0503 0C8D 1A93 1CFB 01D9 0000 0000 0000 0271 101C 1317 0000 0000 0000 0000 0000 0000
0000 2F54 0000 0000 0C28 0000 0000 0506 0C84 1A95 1CFA 01D9 0000 0000 0000 026E 101F 1318 0000 0000 0000 0000 0000 0000
0000 2F48 0000 0000 0C43 0000 0000 0505 0C73 1A9F 1D06 01E2 0000 0000 0000 0271 1028 1323 0000 0000 0000 0000 0000 0000
0000 2F43 0000 0000 0BE0 0000 0000 0504 0CF9 1AB3 1CFC 01FE 0000 0000 0000 0276 0FFA 1337 0000 0000 0000 0000 0000 0000
0000 2FB6 0000 0000 0C2D 0000 0000 0508 0C64 1ABE 1CD2 01DA 0000 0000 0000 0287 1036 1322 0000 0000 0000 0000 0000 0000
0000 2FD4 0000 0000 0C64 0000 0000 04FB 0C88 1AB2 1CDA 01C9 0000 0000 0000 0299 102D 130F 0000 0000 0000 0000 0000 0000
0000 2FBC 0000 0000 0C38 0000 0000 050A 0C92 1AAC 1CEB 01C8 0000 0000 0000 0280 101F 1308 0000 0000 0000 0000 0000 0000
0000 2FB3 0000 0000 0C32 0000 0000 0524 0C95 1AB7 1CE3 01DF 0000 0000 0000 0260 101E 1305 0000 0000 0000 0000 0000 0000
0000 2FE2 0000 0000 0C39 0000 0000 052F 0C92 1AAC 1CE0 01C5 0000 0000 0000 025C 1017 12F7 0000 0000 0000 0000 0000 0000
0000 2F95 0000 0000 0C3D 0000 0000 0527 0C90 1AAD 1CE9 01D5 0000 0000 0000 0251 101C 12FE 0000 0000 0000 0000 0000 0000
0000 2F92 0000 0000 0C0F 0000 0000 0509 0C9A 1AA5 1CF5 01D5 0000 0000 0000 027A 1014 1310 0000 0000 0000 0000 0000 0000
0000 2FAA 0000 0000 0C22 0000 0000 050B 0CA7 1AAF 1CE2 01DA 0000 0000 0000 0284 1014 131E 0000 0000 0000 0000 0000 0000
0000 2FA7 0000 0000 0C44 0000 0000 050A 0C78 1AAA 1CE4 01CA 0000 0000 0000 0277 1021 1304 0000 0000 0000 0000 0000 0000
