0000 3519 0000 0000 0000 0000 0000 0439 0000 1BF2 1B7F 025C 1CC4 0000 0000 00B7 0E06 144C 0C74 0000 0000 0000 0000 0000
0000 2F49 0000 0000 0C2B 0000 0000 0503 0C8B 1A92 1CFC 01D9 0000 0000 0000 026F 101E 1319 0000 0000 0000 0000 0000 0000
0000 2F4A 0000 0000 0C2B 0000 0000 0504 0C87 1A92 1CFD 01DA 0000 0000 0000 026E 101F 1319 0000 0000 0000 0000 0000 0000
0000 2F50 0000 0000 0C28 0000 0000 0505 0C7C 1A95 1CFD 01DA 0000 0000 0000 0270 1021 131A 0000 0000 0000 0000 0000 0000
0000 2F48 0000 0000 0C0A 0000 0000 0509 0C93 1AA0 1D03 01E6 0000 0000 0000 0269 101A 131E 0000 0000 0000 0000 0000 0000
0000 2F93 0000 0000 0C34 0000 0000 0521 0C92 1AAB 1CE4 01D9 0000 0000 0000 0259 1023 1303 0000 0000 0000 0000 0000 0000
0000 2FDD 0000 0000 0C46 0000 0000 0519 0C86 1AA8 1CE4 01C5 0000 0000 0000 0278 101E 1302 0000 0000 0000 0000 0000 0000
0000 2FCB 0000 0000 0C37 0000 0000 0519 0C93 1AA5 1CEE 01C2 0000 0000 0000 0272 1017 12FE 0000 0000 0000 0000 0000 0000
0000 2FB6 0000 0000 0C1B 0000 0000 0508 0C9F 1AAF 1CEB 01D8 0000 0000 0000 0283 1014 130F 0000 0000 0000 0000 0000 0000
0000 2FE9 0000 0000 0C45 0000 0000 0510 0C91 1AA9 1CE2 01BE 0000 0000 0000 0285 101D 1302 0000 0000 0000 0000 0000 0000
0000 2FD9 0000 0000 0C37 0000 0000 050D 0C8F 1AA3 1CE7 01BF 0000 0000 0000 0282 1016 12FF 0000 0000 0000 0000 0000 0000
0000 2FB5 0000 0000 0C2C 0000 0000 050C 0C8C 1A9F 1CE5 01C3 0000 0000 0000 0278 1013 12FC 0000 0000 0000 0000 0000 0000
0000 2F6B 0000 0000 0C03 0000 0000 04E1 0C9B 1AB9 1CED 01E5 0000 0000 0000 029A 1014 1322 0000 0000 0000 0000 0000 0000
0000 2F52 0000 0000 0C6D 0000 0000 052F 0C93 1ACE 1CFD 01F9 0000 0000 0000 023F 1030 131D 0000 0000 0000 0000 0000 0000
0000 2F4A 0000 0000 0C4B 0000 0000 055F 0C92 1AB9 1D0F 01EC 0000 0000 0000 020F 1024 131B 0000 0000 0000 0000 0000 0000
0000 2F43 0000 0000 0C2B 0000 0000 050E 0C8C 1A92 1D11 01DF 0000 0000 0000 0266 1015 131E 0000 0000 0000 0000 0000 0000
