0000 351A 0000 0000 0000 0000 0000 043D 0000 1BF1 1B7E 025B 1CC3 0000 0000 00B4 0E08 144A 0C72 0000 0000 0000 0000 0000
0000 2F48 0000 0000 0C28 0000 0000 0508 0C8C 1A93 1CFD 01DA 0000 0000 0000 0268 101E 1317 0000 0000 0000 0000 0000 0000
0000 2F4D 0000 0000 0C29 0000 0000 0508 0C8D 1A93 1CFC 01D9 0000 0000 0000 026A 101E 1317 0000 0000 0000 0000 0000 0000
0000 2F53 0000 0000 0C28 0000 0000 0508 0C8D 1A93 1CFB 01D8 0000 0000 0000 026B 101D 1316 0000 0000 0000 0000 0000 0000
0000 2F54 0000 0000 0C27 0000 0000 0506 0C84 1A96 1CFA 01D8 0000 0000 0000 026F 1020 1319 0000 0000 0000 0000 0000 0000
0000 2F3D 0000 0000 0C42 0000 0000 04FF 0C6B 1AA3 1D02 01EB 0000 0000 0000 0278 1028 132A 0000 0000 0000 0000 0000 0000
0000 2F49 0000 0000 0BE4 0000 0000 050A 0CE0 1AB9 1CFC 0203 0000 0000 0000 0273 1006 1338 0000 0000 0000 0000 0000 0000
0000 2FC5 0000 0000 0C52 0000 0000 0526 0C6E 1ABA 1CDF 01D5 0000 0000 0000 0268 1038 1312 0000 0000 0000 0000 0000 0000
0000 2FA5 0000 0000 0C53 0000 0000 0534 0C8B 1AAD 1CE8 01CC 0000 0000 0000 0246 101F 12F8 0000 0000 0000 0000 0000 0000
0000 2FAC 0000 0000 0C1F 0000 0000 0513 0CA4 1AAC 1CEC 01D7 0000 0000 0000 0271 101B 1308 0000 0000 0000 0000 0000 0000
0000 2FDA 0000 0000 0C3C 0000 0000 0515 0C89 1AAA 1CDB 01C8 0000 0000 0000 0279 101E 12FF 0000 0000 0000 0000 0000 0000
0000 2FB7 0000 0000 0C39 0000 0000 051A 0C94 1AA7 1CEA 01C9 0000 0000 0000 0269 101B 12FA 0000 0000 0000 0000 0000 0000
0000 2FB0 0000 0000 0C38 0000 0000 0519 0C95 1AAA 1CED 01D4 0000 0000 0000 026D 101E 1307 0000 0000 0000 0000 0000 0000
0000 2F89 0000 0000 0BFF 0000 0000 04F0 0C96 1AB5 1CE7 01E2 0000 0000 0000 0298 100F 1325 0000 0000 0000 0000 0000 0000
0000 2F4D 0000 0000 0C4A 0000 0000 050F 0C90 1AC9 1CF5 01FF 0000 0000 0000 0268 1028 1328 0000 0000 0000 0000 0000 0000
0000 2F4A 0000 0000 0C69 0000 0000 054F 0C93 1AC0 1D0D 01EE 0000 0000 0000 0220 102C 131D 0000 0000 0000 0000 0000 0000
