0099 009A 0097 0000
0096 0098 0096 0000
0094 0097 0093 0000
0091 0096 008C 0000
0093 0096 008E 0000
0091 0095 008F 0000
0098 0095 0092 0000
0098 0095 0092 0000
0096 0097 0090 0000
0099 0097 0090 0000
0097 0099 0091 0000
0098 0096 0092 0000
0097 0096 0092 0000
0098 0096 0092 0000
0097 0097 0093 0000
0096 0097 0093 0000
0095 0097 0092 0000
0095 0097 0092 0000
0094 0095 0092 0000
0097 0097 0091 0000
0097 0097 0091 0000
0097 0096 0091 0000
0097 0096 008F 0000
0098 0098 0094 0000
0098 0097 0094 0000
0097 0097 0090 0000
0097 0096 0091 0000
0097 0096 0094 0000
0097 0098 0093 0000
0097 0098 0092 0000
0096 0097 0090 0000
0096 0097 0090 0000
0099 0097 0092 0000
0098 0097 0092 0000
009A 0097 0091 0000
0097 0097 0091 0000
0097 0098 0091 0000
0097 0098 0091 0000
0098 0098 0092 0000
0099 0099 0094 0000
0099 0099 0094 0000
009B 0098 0091 0000
0099 0099 0092 0000
009C 0099 0091 0000
009E 009C 0094 0000
00A3 009F 009B 0000
00B1 00A8 00A8 0000
00BC 00B3 00B4 0000
00C4 00BE 00BD 0000
00CF 00C8 00C7 0000
00D6 00D1 00CF 0000
00DA 00D9 00D7 0000
00E2 00E2 00DF 0000
00E7 00E6 00E3 0000
00EC 00EB 00E9 0000
00D3 00CF 00CF 0000
005E 0046 0041 0000
0062 003A 002B 0000
0066 0039 0029 0000
0078 0047 0031 0000
0087 005B 003B 0000
0097 0069 004D 0000
00A2 0070 005B 0000
009D 006C 0057 0000
007E 0054 003C 0000
005E 002D 001A 0000
004C 0018 000B 0000
003F 000A 0004 0000
002D 0002 0001 0000
001F 0000 0000 0000
001A 0001 0001 0000
0029 000F 0007 0000
0047 001F 0013 0000
0068 0036 0023 0000
0088 0057 003B 0000
00A2 0072 0054 0000
00B6 0086 0069 0000
00BF 008E 006B 0000
00C7 0092 006F 0000
00CE 0095 0074 0000
00D2 0095 0078 0000
00DC 009C 007D 0000
00E4 00A5 0088 0000
00E5 00B0 008D 0000
00E2 00B8 0095 0000
00E8 00C7 00AA 0000
00F2 00C4 00A8 0000
00F9 00CA 00A9 0000
00FC 00C9 00AC 0000
00FD 00CD 00AF 0000
00F9 00C4 00A7 0000
00CE 008E 0069 0000
00A9 0056 002C 0000
00B7 0061 0031 0000
00C2 0070 0040 0000
00CD 007D 0051 0000
00D3 0082 0056 0000
00D6 0088 005A 0000
00DC 0088 005A 0000
00DF 008E 005C 0000
00E0 0099 0068 0000
00DF 00A4 0079 0000
00DD 00B7 0096 0000
00D7 00AA 0086 0000
00E1 009F 0073 0000
00E0 009B 006C 0000
00E5 009C 006F 0000
00E4 009A 006B 0000
00E2 0099 006B 0000
00E3 009A 006B 0000
00E4 009B 006D 0000
00E4 009E 006B 0000
00E6 009F 006D 0000
00E2 009E 006D 0000
00E4 009E 0070 0000
00E5 00A2 0079 0000
00E4 00A3 007E 0000
00E5 00A4 007F 0000
00E4 00A1 007D 0000
00D9 0099 0075 0000
00C7 0081 0058 0000
00BB 005A 0036 0000
00C5 0062 0048 0000
00DC 0083 006A 0000
00E1 00A6 008D 0000
00EF 00E0 00D4 0000
00DF 00C4 00BC 0000
00ED 00AF 00A4 0000
