009B 009B 0097 0000
0096 0098 0093 0000
0097 0097 0090 0000
0095 0095 008B 0000
0097 0095 0090 0000
0095 0094 0092 0000
0096 0096 0090 0000
0098 0095 0091 0000
0096 0096 008F 0000
0094 0096 008B 0000
0095 0097 008F 0000
0095 0095 0090 0000
0096 0095 0092 0000
0098 0095 0093 0000
0098 0095 0094 0000
0094 0095 0094 0000
0092 0095 0092 0000
0094 0096 008C 0000
0092 0096 008E 0000
0097 0095 008E 0000
0098 0095 0091 0000
0096 0097 0090 0000
0095 0096 008B 0000
0097 0097 0090 0000
0095 0096 0090 0000
0095 0096 008D 0000
0097 0096 008E 0000
0096 0095 0090 0000
0096 0096 0090 0000
0098 0097 0092 0000
0098 0096 0092 0000
0094 0096 0092 0000
0097 0097 0093 0000
0097 0098 0091 0000
009A 0096 008F 0000
0098 0097 008F 0000
0098 0096 0091 0000
0098 0095 0091 0000
0098 0097 0090 0000
009B 0097 0092 0000
0098 0098 0092 0000
0099 0097 0091 0000
009A 0098 0093 0000
009B 0098 0093 0000
009C 009A 0094 0000
00A1 009E 009A 0000
00A9 00A7 00A4 0000
00B5 00B2 00B2 0000
00C0 00BD 00BB 0000
00CB 00C6 00C3 0000
00D1 00CF 00CD 0000
00D8 00D8 00D7 0000
00E0 00E1 00E0 0000
00E6 00E6 00E5 0000
00EA 00EA 00E9 0000
00DE 00DB 00DB 0000
0067 0053 004E 0000
0060 003B 0030 0000
0064 0038 0029 0000
0074 0044 002B 0000
0082 0058 0036 0000
0092 0066 004D 0000
00A1 006F 005F 0000
00A2 0074 0062 0000
008E 0062 004C 0000
0070 0038 0025 0000
0051 001A 0010 0000
003E 000A 0003 0000
002C 0003 0001 0000
001D 0001 0001 0000
001B 0000 0001 0000
002A 0009 0005 0000
0047 001E 0013 0000
0066 0032 0021 0000
0085 0054 0039 0000
00A0 006F 0052 0000
00B7 0084 0068 0000
00C6 008C 0069 0000
00C7 0092 006C 0000
00CB 0093 0070 0000
00CF 0092 0075 0000
00DA 0099 007C 0000
00E0 00A1 0081 0000
00E6 00AF 008C 0000
00E7 00B6 0098 0000
00EC 00BF 00A5 0000
00F5 00C1 00A9 0000
00F9 00C8 00AD 0000
00FC 00CB 00AD 0000
00FD 00D0 00B4 0000
00FB 00C9 00B0 0000
00D3 0096 0077 0000
0099 0049 0029 0000
00B4 005A 002E 0000
00C2 0069 0038 0000
00CE 0076 004B 0000
00D2 007E 0054 0000
00D2 0084 0058 0000
00D8 0088 0056 0000
00DC 008C 0057 0000
00E1 0094 0063 0000
00E2 009E 0075 0000
00E4 00A6 0083 0000
00E1 00A1 007B 0000
00E3 009E 0075 0000
00E3 009E 0074 0000
00E3 009C 0070 0000
00E4 0097 0068 0000
00E3 0098 0069 0000
00E2 0099 0069 0000
00E3 0099 0067 0000
00E1 009C 006A 0000
00E3 009E 006C 0000
00DF 009B 006B 0000
00E3 009B 006D 0000
00E5 009F 0075 0000
00E4 009F 0079 0000
00E4 00A2 007B 0000
00E0 00A1 0078 0000
00D9 009B 0075 0000
00CD 007F 005C 0000
00BD 005B 003D 0000
00C3 0062 0043 0000
00D9 007F 0064 0000
00E1 00A3 0089 0000
00DF 00CA 00B7 0000
00DC 00B8 00AC 0000
00F1 00AE 009C 0000
