1A93 0000 09C7 09F2 0000 0000 7FFF 0000 0000 0000 0351 0000 0000 0000 0000 0000 0000 1B7E 1CC4 0000 0E08 0C73 0000 0000
17A5 0000 09E1 091F 0000 0000 7FFF 0000 0000 0000 05ED 0000 0000 0000 0C28 0000 0C8C 1CFB 0000 0000 101D 0000 0000 0000
17A5 0000 09E1 091F 0000 0000 7FFF 0000 0000 0000 05ED 0000 0000 0000 0C28 0000 0C8E 1CFB 0000 0000 101E 0000 0000 0000
17A5 0000 09E1 091E 0000 0000 7FFF 0000 0000 0000 05ED 0000 0000 0000 0C28 0000 0C8F 1CFB 0000 0000 101C 0000 0000 0000
17A5 0000 09E1 091E 0000 0000 7FFF 0000 0000 0000 05EC 0000 0000 0000 0C28 0000 0C8C 1CFB 0000 0000 101D 0000 0000 0000
17AA 0000 09E1 091C 0000 0000 7FFF 0000 0000 0000 05E6 0000 0000 0000 0C25 0000 0C7A 1CFA 0000 0000 1022 0000 0000 0000
17BD 0000 09E0 091C 0000 0000 7FFF 0000 0000 0000 05BF 0000 0000 0000 0C32 0000 0C7C 1D11 0000 0000 102A 0000 0000 0000
17A2 0000 09E0 0932 0000 0000 7FFF 0000 0000 0000 05DB 0000 0000 0000 0BF6 0000 0CD8 1D00 0000 0000 1012 0000 0000 0000
177E 0000 09E0 0938 0000 0000 7FFF 0000 0000 0000 0611 0000 0000 0000 0C19 0000 0CC9 1CDE 0000 0000 1016 0000 0000 0000
1796 0000 09E0 0926 0000 0000 7FFF 0000 0000 0000 05ED 0000 0000 0000 0C56 0000 0C50 1CDA 0000 0000 1047 0000 0000 0000
17AF 0000 09E0 0912 0000 0000 7FFF 0000 0000 0000 05D5 0000 0000 0000 0C5C 0000 0C7A 1CEB 0000 0000 102B 0000 0000 0000
17AA 0000 09E0 091D 0000 0000 7FFF 0000 0000 0000 05D1 0000 0000 0000 0C05 0000 0CAC 1CF7 0000 0000 1013 0000 0000 0000
17A0 0000 09E0 091D 0000 0000 7FFF 0000 0000 0000 05E1 0000 0000 0000 0C4B 0000 0C97 1CDE 0000 0000 1026 0000 0000 0000
17A3 0000 09E0 0918 0000 0000 7FFF 0000 0000 0000 05DD 0000 0000 0000 0C34 0000 0C95 1CE4 0000 0000 101C 0000 0000 0000
17A0 0000 09E0 0917 0000 0000 7FFF 0000 0000 0000 05E3 0000 0000 0000 0C33 0000 0C94 1CE3 0000 0000 1016 0000 0000 0000
17A1 0000 09DF 0925 0000 0000 7FFF 0000 0000 0000 05DE 0000 0000 0000 0C12 0000 0C99 1CDF 0000 0000 1019 0000 0000 0000
