1A94 0000 09C9 09F4 0000 0000 7FFF 0000 0000 0000 0351 0000 0000 0000 0000 0000 0000 1B80 1CC5 0000 0E07 0C6E 0000 0000
17A2 0000 09E1 0921 0000 0000 7FFF 0000 0000 0000 05F0 0000 0000 0000 0C28 0000 0C90 1CFA 0000 0000 101E 0000 0000 0000
17A2 0000 09E1 0920 0000 0000 7FFF 0000 0000 0000 05F0 0000 0000 0000 0C27 0000 0C8E 1CF9 0000 0000 101E 0000 0000 0000
17A2 0000 09E1 0920 0000 0000 7FFF 0000 0000 0000 05EF 0000 0000 0000 0C29 0000 0C8E 1CF9 0000 0000 101E 0000 0000 0000
17A3 0000 09E1 0920 0000 0000 7FFF 0000 0000 0000 05EF 0000 0000 0000 0C29 0000 0C8D 1CFA 0000 0000 101E 0000 0000 0000
17A6 0000 09E1 091F 0000 0000 7FFF 0000 0000 0000 05EA 0000 0000 0000 0C26 0000 0C7E 1CF8 0000 0000 1022 0000 0000 0000
17BD 0000 09E1 0912 0000 0000 7FFF 0000 0000 0000 05CF 0000 0000 0000 0C43 0000 0C6F 1D03 0000 0000 102A 0000 0000 0000
17A5 0000 09E0 0926 0000 0000 7FFF 0000 0000 0000 05E5 0000 0000 0000 0BF2 0000 0CD3 1CFE 0000 0000 100D 0000 0000 0000
1784 0000 09E0 0937 0000 0000 7FFF 0000 0000 0000 0605 0000 0000 0000 0C16 0000 0CCD 1CEC 0000 0000 101D 0000 0000 0000
178E 0000 09E0 0931 0000 0000 7FFF 0000 0000 0000 05F4 0000 0000 0000 0C3E 0000 0C52 1CD6 0000 0000 1040 0000 0000 0000
17A8 0000 09E0 0912 0000 0000 7FFF 0000 0000 0000 05DF 0000 0000 0000 0C66 0000 0C78 1CEB 0000 0000 1033 0000 0000 0000
17AD 0000 09DF 0922 0000 0000 7FFF 0000 0000 0000 05C9 0000 0000 0000 0BE4 0000 0C9C 1CFD 0000 0000 1013 0000 0000 0000
1795 0000 09DF 0925 0000 0000 7FFF 0000 0000 0000 05EB 0000 0000 0000 0C5E 0000 0CA7 1CDF 0000 0000 102F 0000 0000 0000
179C 0000 09E0 0918 0000 0000 7FFF 0000 0000 0000 05E5 0000 0000 0000 0C3C 0000 0C96 1CE2 0000 0000 101E 0000 0000 0000
179B 0000 09E0 091A 0000 0000 7FFF 0000 0000 0000 05E6 0000 0000 0000 0C33 0000 0C93 1CE2 0000 0000 1017 0000 0000 0000
17A6 0000 09E0 091F 0000 0000 7FFF 0000 0000 0000 05DD 0000 0000 0000 0C1F 0000 0C8E 1CE5 0000 0000 101B 0000 0000 0000
