1A97 0000 09C8 09F0 0000 0000 7FFF 0000 0000 0000 034D 0000 0000 0000 0000 0000 0000 1B7F 1CC1 0000 0E09 0C76 0000 0000
17A9 0000 09E1 091B 0000 0000 7FFF 0000 0000 0000 05E9 0000 0000 0000 0C2A 0000 0C8C 1CFE 0000 0000 101D 0000 0000 0000
17A8 0000 09E1 091C 0000 0000 7FFF 0000 0000 0000 05E9 0000 0000 0000 0C28 0000 0C8D 1CFD 0000 0000 101C 0000 0000 0000
17A8 0000 09E1 091C 0000 0000 7FFF 0000 0000 0000 05E8 0000 0000 0000 0C2A 0000 0C8E 1CFC 0000 0000 101C 0000 0000 0000
17A9 0000 09E1 091B 0000 0000 7FFF 0000 0000 0000 05E7 0000 0000 0000 0C28 0000 0C88 1CFB 0000 0000 101D 0000 0000 0000
17BC 0000 09E1 0912 0000 0000 7FFF 0000 0000 0000 05D1 0000 0000 0000 0C37 0000 0C6E 1D02 0000 0000 1026 0000 0000 0000
179D 0000 09E0 0928 0000 0000 7FFF 0000 0000 0000 05ED 0000 0000 0000 0BEF 0000 0CF9 1D00 0000 0000 1001 0000 0000 0000
1780 0000 09DF 093A 0000 0000 7FFF 0000 0000 0000 0602 0000 0000 0000 0C18 0000 0C64 1CCE 0000 0000 1034 0000 0000 0000
17A1 0000 09E0 0914 0000 0000 7FFF 0000 0000 0000 05E3 0000 0000 0000 0C6F 0000 0C75 1CE3 0000 0000 103C 0000 0000 0000
17A4 0000 09E0 0919 0000 0000 7FFF 0000 0000 0000 05DF 0000 0000 0000 0C3B 0000 0C97 1CE6 0000 0000 101A 0000 0000 0000
17A6 0000 09E0 0918 0000 0000 7FFF 0000 0000 0000 05D7 0000 0000 0000 0C1D 0000 0CA2 1CED 0000 0000 1019 0000 0000 0000
17A3 0000 09E0 091A 0000 0000 7FFF 0000 0000 0000 05E1 0000 0000 0000 0C46 0000 0C8E 1CD6 0000 0000 101D 0000 0000 0000
17AE 0000 09E0 0916 0000 0000 7FFF 0000 0000 0000 05D5 0000 0000 0000 0C42 0000 0C91 1CE9 0000 0000 101B 0000 0000 0000
17B4 0000 09E0 0912 0000 0000 7FFF 0000 0000 0000 05D1 0000 0000 0000 0C34 0000 0C98 1CF7 0000 0000 1021 0000 0000 0000
179F 0000 09E0 0924 0000 0000 7FFF 0000 0000 0000 05E3 0000 0000 0000 0C02 0000 0CBC 1CEA 0000 0000 1010 0000 0000 0000
17A6 0000 09E0 0914 0000 0000 7FFF 0000 0000 0000 05E1 0000 0000 0000 0C5C 0000 0C84 1CE6 0000 0000 102A 0000 0000 0000
