1A95 0000 09C7 09F1 0000 0000 7FFF 0000 0000 0000 0350 0000 0000 0000 0000 0000 0000 1B7E 1CC2 0000 0E08 0C73 0000 0000
17A8 0000 09E1 091D 0000 0000 7FFF 0000 0000 0000 05EA 0000 0000 0000 0C29 0000 0C8A 1CFD 0000 0000 101E 0000 0000 0000
17A8 0000 09E1 091D 0000 0000 7FFF 0000 0000 0000 05EA 0000 0000 0000 0C29 0000 0C8D 1CFD 0000 0000 101D 0000 0000 0000
17A8 0000 09E1 091C 0000 0000 7FFF 0000 0000 0000 05EA 0000 0000 0000 0C27 0000 0C8C 1CFD 0000 0000 101D 0000 0000 0000
17A8 0000 09E1 091D 0000 0000 7FFF 0000 0000 0000 05E9 0000 0000 0000 0C27 0000 0C8B 1CFC 0000 0000 101E 0000 0000 0000
17B7 0000 09E0 091F 0000 0000 7FFF 0000 0000 0000 05CA 0000 0000 0000 0C1B 0000 0C76 1D06 0000 0000 1026 0000 0000 0000
17A2 0000 09E0 0925 0000 0000 7FFF 0000 0000 0000 05DB 0000 0000 0000 0C0E 0000 0CB6 1CF5 0000 0000 1018 0000 0000 0000
179D 0000 09E0 0918 0000 0000 7FFF 0000 0000 0000 05E5 0000 0000 0000 0C4E 0000 0C7F 1CE1 0000 0000 102B 0000 0000 0000
17A7 0000 09E0 0911 0000 0000 7FFF 0000 0000 0000 05DC 0000 0000 0000 0C3E 0000 0C91 1CEC 0000 0000 101C 0000 0000 0000
179D 0000 09E0 0918 0000 0000 7FFF 0000 0000 0000 05E3 0000 0000 0000 0C22 0000 0C9B 1CE2 0000 0000 1016 0000 0000 0000
17A1 0000 09E0 0915 0000 0000 7FFF 0000 0000 0000 05E3 0000 0000 0000 0C46 0000 0C8E 1CDE 0000 0000 101C 0000 0000 0000
17AA 0000 09E0 090F 0000 0000 7FFF 0000 0000 0000 05DC 0000 0000 0000 0C3D 0000 0C93 1CEC 0000 0000 101C 0000 0000 0000
17AA 0000 09E0 091A 0000 0000 7FFF 0000 0000 0000 05D9 0000 0000 0000 0C1F 0000 0C99 1CED 0000 0000 1012 0000 0000 0000
179F 0000 09E0 0919 0000 0000 7FFF 0000 0000 0000 05E3 0000 0000 0000 0C2C 0000 0C92 1CDE 0000 0000 101F 0000 0000 0000
17AE 0000 09E0 0914 0000 0000 7FFF 0000 0000 0000 05DF 0000 0000 0000 0C45 0000 0C8D 1CE2 0000 0000 101C 0000 0000 0000
17CB 0000 09E1 0901 0000 0000 7FFF 0000 0000 0000 05C8 0000 0000 0000 0C62 0000 0C8E 1D06 0000 0000 1025 0000 0000 0000
