1A91 0000 09C9 09F5 0000 0000 7FFF 0000 0000 0000 0355 0000 0000 0000 0000 0000 0000 1B7D 1CC6 0000 0E05 0C73 0000 0000
17A7 0000 09E1 091E 0000 0000 7FFF 0000 0000 0000 05EC 0000 0000 0000 0C2B 0000 0C83 1CFA 0000 0000 1021 0000 0000 0000
17B3 0000 09E1 0916 0000 0000 7FFF 0000 0000 0000 05DF 0000 0000 0000 0C30 0000 0C77 1CFF 0000 0000 1023 0000 0000 0000
17BC 0000 09E1 0916 0000 0000 7FFF 0000 0000 0000 05CC 0000 0000 0000 0C33 0000 0C80 1D09 0000 0000 101F 0000 0000 0000
17AA 0000 09E0 091C 0000 0000 7FFF 0000 0000 0000 05D7 0000 0000 0000 0C10 0000 0CA8 1CF6 0000 0000 1018 0000 0000 0000
179E 0000 09E0 0919 0000 0000 7FFF 0000 0000 0000 05E0 0000 0000 0000 0C3A 0000 0C89 1CE3 0000 0000 1020 0000 0000 0000
17A6 0000 09E0 0910 0000 0000 7FFF 0000 0000 0000 05DD 0000 0000 0000 0C3F 0000 0C8A 1CE6 0000 0000 101A 0000 0000 0000
17AA 0000 09E0 0911 0000 0000 7FFF 0000 0000 0000 05D7 0000 0000 0000 0C24 0000 0C97 1CF0 0000 0000 1013 0000 0000 0000
17A2 0000 09E0 0918 0000 0000 7FFF 0000 0000 0000 05DE 0000 0000 0000 0C25 0000 0C9B 1CE2 0000 0000 1013 0000 0000 0000
17A7 0000 09E0 090F 0000 0000 7FFF 0000 0000 0000 05DC 0000 0000 0000 0C4C 0000 0C92 1CEB 0000 0000 101F 0000 0000 0000
17AB 0000 09E0 0912 0000 0000 7FFF 0000 0000 0000 05DA 0000 0000 0000 0C36 0000 0C90 1CE9 0000 0000 1015 0000 0000 0000
17C2 0000 09E0 090F 0000 0000 7FFF 0000 0000 0000 05CC 0000 0000 0000 0C3C 0000 0C87 1CEC 0000 0000 1017 0000 0000 0000
17CC 0000 09E1 0903 0000 0000 7FFF 0000 0000 0000 05CC 0000 0000 0000 0C48 0000 0C92 1D0F 0000 0000 1023 0000 0000 0000
17CB 0000 09E1 0907 0000 0000 7FFF 0000 0000 0000 05CA 0000 0000 0000 0C2D 0000 0C90 1D11 0000 0000 101B 0000 0000 0000
17CA 0000 09E1 0907 0000 0000 7FFF 0000 0000 0000 05C8 0000 0000 0000 0C2A 0000 0C8A 1D10 0000 0000 1012 0000 0000 0000
17CA 0000 09E1 0907 0000 0000 7FFF 0000 0000 0000 05C8 0000 0000 0000 0C2A 0000 0C8A 1D10 0000 0000 1012 0000 0000 0000
