1A96 0000 09C8 09F1 0000 0000 7FFF 0000 0000 0000 034E 0000 0000 0000 0000 0000 0000 1B80 1CC2 0000 0E08 0C76 0000 0000
17A8 0000 09E1 091C 0000 0000 7FFF 0000 0000 0000 05EA 0000 0000 0000 0C29 0000 0C8E 1CFD 0000 0000 101C 0000 0000 0000
17A8 0000 09E1 091C 0000 0000 7FFF 0000 0000 0000 05E9 0000 0000 0000 0C29 0000 0C8C 1CFC 0000 0000 101D 0000 0000 0000
17A8 0000 09E1 091C 0000 0000 7FFF 0000 0000 0000 05E9 0000 0000 0000 0C29 0000 0C8D 1CFB 0000 0000 101C 0000 0000 0000
17AA 0000 09E1 091B 0000 0000 7FFF 0000 0000 0000 05E6 0000 0000 0000 0C28 0000 0C84 1CFA 0000 0000 101F 0000 0000 0000
17BE 0000 09E1 0913 0000 0000 7FFF 0000 0000 0000 05CB 0000 0000 0000 0C43 0000 0C73 1D06 0000 0000 1028 0000 0000 0000
179B 0000 09E0 0929 0000 0000 7FFF 0000 0000 0000 05EF 0000 0000 0000 0BE0 0000 0CF9 1CFC 0000 0000 0FFA 0000 0000 0000
178B 0000 09DF 092C 0000 0000 7FFF 0000 0000 0000 05F6 0000 0000 0000 0C2D 0000 0C64 1CD2 0000 0000 1036 0000 0000 0000
17A2 0000 09DF 091E 0000 0000 7FFF 0000 0000 0000 05DE 0000 0000 0000 0C64 0000 0C88 1CDA 0000 0000 102D 0000 0000 0000
17A8 0000 09E0 0916 0000 0000 7FFF 0000 0000 0000 05D9 0000 0000 0000 0C38 0000 0C92 1CEB 0000 0000 101F 0000 0000 0000
17A3 0000 09E0 0916 0000 0000 7FFF 0000 0000 0000 05DE 0000 0000 0000 0C32 0000 0C95 1CE3 0000 0000 101E 0000 0000 0000
17A2 0000 09E0 0918 0000 0000 7FFF 0000 0000 0000 05DF 0000 0000 0000 0C39 0000 0C92 1CE0 0000 0000 1017 0000 0000 0000
17AC 0000 09E0 0910 0000 0000 7FFF 0000 0000 0000 05DB 0000 0000 0000 0C3D 0000 0C90 1CE9 0000 0000 101C 0000 0000 0000
17AB 0000 09E0 0918 0000 0000 7FFF 0000 0000 0000 05D5 0000 0000 0000 0C0F 0000 0C9A 1CF5 0000 0000 1014 0000 0000 0000
17A3 0000 09E0 0926 0000 0000 7FFF 0000 0000 0000 05E3 0000 0000 0000 0C22 0000 0CA7 1CE2 0000 0000 1014 0000 0000 0000
17BE 0000 09E0 0914 0000 0000 7FFF 0000 0000 0000 05CE 0000 0000 0000 0C44 0000 0C78 1CE4 0000 0000 1021 0000 0000 0000
