1A97 0000 09C7 09F0 0000 0000 7FFF 0000 0000 0000 034D 0000 0000 0000 0000 0000 0000 1B7F 1CC2 0000 0E09 0C76 0000 0000
17A8 0000 09E1 091D 0000 0000 7FFF 0000 0000 0000 05EA 0000 0000 0000 0C28 0000 0C8E 1CFE 0000 0000 101C 0000 0000 0000
17A8 0000 09E1 091D 0000 0000 7FFF 0000 0000 0000 05EA 0000 0000 0000 0C28 0000 0C8C 1CFD 0000 0000 101E 0000 0000 0000
17A8 0000 09E1 091C 0000 0000 7FFF 0000 0000 0000 05EA 0000 0000 0000 0C28 0000 0C8C 1CFC 0000 0000 101D 0000 0000 0000
17A8 0000 09E1 091D 0000 0000 7FFF 0000 0000 0000 05EA 0000 0000 0000 0C29 0000 0C8D 1CFC 0000 0000 101D 0000 0000 0000
17B7 0000 09E1 0914 0000 0000 7FFF 0000 0000 0000 05DA 0000 0000 0000 0C2D 0000 0C6B 1CFC 0000 0000 1025 0000 0000 0000
17A7 0000 09E0 0926 0000 0000 7FFF 0000 0000 0000 05D9 0000 0000 0000 0BF1 0000 0CE4 1D11 0000 0000 100A 0000 0000 0000
177F 0000 09DF 093D 0000 0000 7FFF 0000 0000 0000 0603 0000 0000 0000 0C14 0000 0C78 1CD0 0000 0000 102B 0000 0000 0000
17A0 0000 09E0 0919 0000 0000 7FFF 0000 0000 0000 05E4 0000 0000 0000 0C60 0000 0C6E 1CE6 0000 0000 103C 0000 0000 0000
17A6 0000 09E0 0919 0000 0000 7FFF 0000 0000 0000 05DE 0000 0000 0000 0C46 0000 0C8D 1CEC 0000 0000 1028 0000 0000 0000
17A4 0000 09E0 0917 0000 0000 7FFF 0000 0000 0000 05E0 0000 0000 0000 0C11 0000 0CA9 1CF1 0000 0000 1012 0000 0000 0000
179D 0000 09E0 091A 0000 0000 7FFF 0000 0000 0000 05E2 0000 0000 0000 0C46 0000 0C8C 1CDC 0000 0000 101F 0000 0000 0000
17AD 0000 09E0 0917 0000 0000 7FFF 0000 0000 0000 05DA 0000 0000 0000 0C41 0000 0C90 1CE5 0000 0000 1016 0000 0000 0000
17B8 0000 09E0 0917 0000 0000 7FFF 0000 0000 0000 05CE 0000 0000 0000 0C37 0000 0C95 1CF4 0000 0000 1023 0000 0000 0000
17A4 0000 09DF 0923 0000 0000 7FFF 0000 0000 0000 05D9 0000 0000 0000 0BFF 0000 0CB5 1CEB 0000 0000 1017 0000 0000 0000
17A2 0000 09E0 0919 0000 0000 7FFF 0000 0000 0000 05E3 0000 0000 0000 0C55 0000 0C92 1CE6 0000 0000 1027 0000 0000 0000
