1BBB 0000 09AA 094B 0000 0000 7FFF 0000 0000 0000 011B 0000 0000 0000 0000 0000 0000 1BC6 1C3E 0000 0CD5 0D4E 0000 0000
1907 0000 09D9 0859 0000 0000 7FFF 0000 0000 0000 0348 0000 0000 0000 0C66 0000 0BD2 1D36 0000 0000 0E34 0000 0000 0000
18F5 0000 09D9 0865 0000 0000 7FFF 0000 0000 0000 035A 0000 0000 0000 0C73 0000 0BDB 1D2D 0000 0000 0E37 0000 0000 0000
18F1 0000 09D9 0867 0000 0000 7FFF 0000 0000 0000 035E 0000 0000 0000 0C77 0000 0BC1 1D27 0000 0000 0E43 0000 0000 0000
18F1 0000 09D9 0866 0000 0000 7FFF 0000 0000 0000 035D 0000 0000 0000 0C79 0000 0BC0 1D26 0000 0000 0E44 0000 0000 0000
18F0 0000 09D9 0866 0000 0000 7FFF 0000 0000 0000 035E 0000 0000 0000 0C7A 0000 0BC3 1D26 0000 0000 0E43 0000 0000 0000
18F1 0000 09D9 0866 0000 0000 7FFF 0000 0000 0000 035E 0000 0000 0000 0C78 0000 0BC1 1D26 0000 0000 0E43 0000 0000 0000
18F6 0000 09D8 086E 0000 0000 7FFF 0000 0000 0000 0347 0000 0000 0000 0C5D 0000 0BB6 1D31 0000 0000 0E48 0000 0000 0000
18E1 0000 09D8 0880 0000 0000 7FFF 0000 0000 0000 0358 0000 0000 0000 0C5C 0000 0BE3 1D24 0000 0000 0E49 0000 0000 0000
18C3 0000 09D8 0884 0000 0000 7FFF 0000 0000 0000 038A 0000 0000 0000 0C77 0000 0BE2 1D0B 0000 0000 0E4C 0000 0000 0000
18E6 0000 09D8 0865 0000 0000 7FFF 0000 0000 0000 035F 0000 0000 0000 0C9A 0000 0B87 1D0F 0000 0000 0E60 0000 0000 0000
18FE 0000 09D8 0852 0000 0000 7FFF 0000 0000 0000 0346 0000 0000 0000 0CA6 0000 0BA9 1D22 0000 0000 0E4E 0000 0000 0000
18FE 0000 09D8 0855 0000 0000 7FFF 0000 0000 0000 0346 0000 0000 0000 0C73 0000 0BCA 1D29 0000 0000 0E3A 0000 0000 0000
18F5 0000 09D8 085D 0000 0000 7FFF 0000 0000 0000 034D 0000 0000 0000 0C79 0000 0BCD 1D22 0000 0000 0E39 0000 0000 0000
1901 0000 09D8 085B 0000 0000 7FFF 0000 0000 0000 0341 0000 0000 0000 0C8F 0000 0BBE 1D20 0000 0000 0E3F 0000 0000 0000
1908 0000 09D8 0855 0000 0000 7FFF 0000 0000 0000 033C 0000 0000 0000 0C76 0000 0BC9 1D2B 0000 0000 0E3C 0000 0000 0000
