1AAB 0000 09CA 09E6 0000 0000 7FFF 0000 0000 0000 0337 0000 0000 0000 0000 0000 0000 1B8A 1CB8 0000 0E13 0C78 0000 0000
17AE 0000 09E1 0919 0000 0000 7FFF 0000 0000 0000 05E4 0000 0000 0000 0C19 0000 0CA5 1D04 0000 0000 100E 0000 0000 0000
17A1 0000 09E1 0920 0000 0000 7FFF 0000 0000 0000 05F0 0000 0000 0000 0C28 0000 0C9B 1CFB 0000 0000 1017 0000 0000 0000
17A1 0000 09E1 0921 0000 0000 7FFF 0000 0000 0000 05F0 0000 0000 0000 0C28 0000 0C8D 1CF9 0000 0000 101E 0000 0000 0000
17A1 0000 09E1 0920 0000 0000 7FFF 0000 0000 0000 05EF 0000 0000 0000 0C28 0000 0C8D 1CF9 0000 0000 101E 0000 0000 0000
17A1 0000 09E1 0920 0000 0000 7FFF 0000 0000 0000 05F0 0000 0000 0000 0C2A 0000 0C8F 1CF7 0000 0000 101E 0000 0000 0000
17A6 0000 09E1 091E 0000 0000 7FFF 0000 0000 0000 05EA 0000 0000 0000 0C26 0000 0C7C 1CF7 0000 0000 1023 0000 0000 0000
17B3 0000 09E0 0922 0000 0000 7FFF 0000 0000 0000 05CF 0000 0000 0000 0BEF 0000 0C8C 1D08 0000 0000 101A 0000 0000 0000
1797 0000 09E0 0930 0000 0000 7FFF 0000 0000 0000 05E9 0000 0000 0000 0C19 0000 0CAF 1CF5 0000 0000 1028 0000 0000 0000
177B 0000 09E0 093D 0000 0000 7FFF 0000 0000 0000 0613 0000 0000 0000 0C27 0000 0CA2 1CD8 0000 0000 102B 0000 0000 0000
179E 0000 09E0 091C 0000 0000 7FFF 0000 0000 0000 05E8 0000 0000 0000 0C5E 0000 0C67 1CE5 0000 0000 1039 0000 0000 0000
17AF 0000 09E0 0910 0000 0000 7FFF 0000 0000 0000 05D5 0000 0000 0000 0C56 0000 0C81 1CF4 0000 0000 102A 0000 0000 0000
17A3 0000 09E0 091C 0000 0000 7FFF 0000 0000 0000 05E3 0000 0000 0000 0C00 0000 0CAE 1CF1 0000 0000 100A 0000 0000 0000
17A4 0000 09E0 091B 0000 0000 7FFF 0000 0000 0000 05E1 0000 0000 0000 0C4A 0000 0C8F 1CE8 0000 0000 1023 0000 0000 0000
17AD 0000 09E0 0913 0000 0000 7FFF 0000 0000 0000 05DA 0000 0000 0000 0C3E 0000 0C8F 1CEF 0000 0000 1022 0000 0000 0000
17B0 0000 09E0 091B 0000 0000 7FFF 0000 0000 0000 05D1 0000 0000 0000 0C31 0000 0C93 1CEC 0000 0000 1019 0000 0000 0000
