1A95 0000 09C7 09F1 0000 0000 7FFF 0000 0000 0000 0350 0000 0000 0000 0000 0000 0000 1B7E 1CC2 0000 0E09 0C74 0000 0000
17A8 0000 09E1 091C 0000 0000 7FFF 0000 0000 0000 05EA 0000 0000 0000 0C29 0000 0C8B 1CFE 0000 0000 101E 0000 0000 0000
17A8 0000 09E1 091C 0000 0000 7FFF 0000 0000 0000 05E9 0000 0000 0000 0C2A 0000 0C8C 1CFD 0000 0000 101E 0000 0000 0000
17A9 0000 09E1 091C 0000 0000 7FFF 0000 0000 0000 05E7 0000 0000 0000 0C28 0000 0C87 1CFC 0000 0000 101F 0000 0000 0000
17AD 0000 09E1 091A 0000 0000 7FFF 0000 0000 0000 05E0 0000 0000 0000 0C20 0000 0C8A 1D01 0000 0000 101B 0000 0000 0000
17A0 0000 09E0 0920 0000 0000 7FFF 0000 0000 0000 05E6 0000 0000 0000 0C1A 0000 0C8C 1CEC 0000 0000 1022 0000 0000 0000
179F 0000 09E0 0918 0000 0000 7FFF 0000 0000 0000 05E2 0000 0000 0000 0C2E 0000 0C90 1CE8 0000 0000 1021 0000 0000 0000
17A8 0000 09E0 0913 0000 0000 7FFF 0000 0000 0000 05DD 0000 0000 0000 0C48 0000 0C8F 1CE6 0000 0000 1021 0000 0000 0000
17A8 0000 09E0 0915 0000 0000 7FFF 0000 0000 0000 05D7 0000 0000 0000 0C1E 0000 0C9B 1CEF 0000 0000 1014 0000 0000 0000
179D 0000 09E0 091B 0000 0000 7FFF 0000 0000 0000 05E1 0000 0000 0000 0C36 0000 0C93 1CE0 0000 0000 101E 0000 0000 0000
17A6 0000 09E0 0912 0000 0000 7FFF 0000 0000 0000 05DC 0000 0000 0000 0C42 0000 0C91 1CE5 0000 0000 1019 0000 0000 0000
17AA 0000 09E0 0912 0000 0000 7FFF 0000 0000 0000 05DC 0000 0000 0000 0C35 0000 0C94 1CE9 0000 0000 1017 0000 0000 0000
17A6 0000 09E0 091B 0000 0000 7FFF 0000 0000 0000 05DB 0000 0000 0000 0C12 0000 0CA5 1CF3 0000 0000 1010 0000 0000 0000
179E 0000 09E0 092A 0000 0000 7FFF 0000 0000 0000 05E9 0000 0000 0000 0C20 0000 0C86 1CD0 0000 0000 1021 0000 0000 0000
17BC 0000 09E0 0914 0000 0000 7FFF 0000 0000 0000 05D0 0000 0000 0000 0C55 0000 0C88 1CE2 0000 0000 101F 0000 0000 0000
17CC 0000 09E1 0904 0000 0000 7FFF 0000 0000 0000 05C9 0000 0000 0000 0C63 0000 0C93 1D0A 0000 0000 1029 0000 0000 0000
