1A94 0000 09C8 09F2 0000 0000 7FFF 0000 0000 0000 0350 0000 0000 0000 0000 0000 0000 1B7E 1CC3 0000 0E08 0C74 0000 0000
17A6 0000 09E1 091D 0000 0000 7FFF 0000 0000 0000 05EB 0000 0000 0000 0C29 0000 0C8D 1CFC 0000 0000 101D 0000 0000 0000
17A6 0000 09E1 091D 0000 0000 7FFF 0000 0000 0000 05EC 0000 0000 0000 0C29 0000 0C8E 1CFB 0000 0000 101D 0000 0000 0000
17A6 0000 09E1 091D 0000 0000 7FFF 0000 0000 0000 05EB 0000 0000 0000 0C29 0000 0C8D 1CFB 0000 0000 101D 0000 0000 0000
17A6 0000 09E1 091D 0000 0000 7FFF 0000 0000 0000 05EB 0000 0000 0000 0C29 0000 0C8E 1CFB 0000 0000 101C 0000 0000 0000
17AB 0000 09E1 091B 0000 0000 7FFF 0000 0000 0000 05E4 0000 0000 0000 0C25 0000 0C79 1CF9 0000 0000 1021 0000 0000 0000
17BF 0000 09E0 0915 0000 0000 7FFF 0000 0000 0000 05C5 0000 0000 0000 0C04 0000 0C81 1D10 0000 0000 1020 0000 0000 0000
1792 0000 09E0 0939 0000 0000 7FFF 0000 0000 0000 05ED 0000 0000 0000 0C02 0000 0CDC 1CF6 0000 0000 1019 0000 0000 0000
1774 0000 09E0 093E 0000 0000 7FFF 0000 0000 0000 0619 0000 0000 0000 0C23 0000 0CA7 1CD0 0000 0000 1021 0000 0000 0000
179B 0000 09E0 091F 0000 0000 7FFF 0000 0000 0000 05E6 0000 0000 0000 0C5E 0000 0C4B 1CDD 0000 0000 1048 0000 0000 0000
17B0 0000 09E0 090C 0000 0000 7FFF 0000 0000 0000 05D7 0000 0000 0000 0C61 0000 0C85 1CF0 0000 0000 1028 0000 0000 0000
17A4 0000 09DF 0923 0000 0000 7FFF 0000 0000 0000 05D2 0000 0000 0000 0C0A 0000 0CAE 1CF5 0000 0000 1015 0000 0000 0000
17AE 0000 09DF 0920 0000 0000 7FFF 0000 0000 0000 05D1 0000 0000 0000 0C4D 0000 0C93 1CE1 0000 0000 1020 0000 0000 0000
17A4 0000 09E0 0917 0000 0000 7FFF 0000 0000 0000 05DC 0000 0000 0000 0C2E 0000 0C96 1CE9 0000 0000 101D 0000 0000 0000
17A1 0000 09E0 091D 0000 0000 7FFF 0000 0000 0000 05E0 0000 0000 0000 0C21 0000 0C9B 1CE8 0000 0000 1012 0000 0000 0000
179B 0000 09DF 0926 0000 0000 7FFF 0000 0000 0000 05E3 0000 0000 0000 0C05 0000 0C97 1CDF 0000 0000 101C 0000 0000 0000
