1A93 0000 09C8 09F2 0000 0000 7FFF 0000 0000 0000 0350 0000 0000 0000 0000 0000 0000 1B7F 1CC3 0000 0E07 0C73 0000 0000
17A5 0000 09E1 091E 0000 0000 7FFF 0000 0000 0000 05EC 0000 0000 0000 0C29 0000 0C8D 1CFB 0000 0000 101D 0000 0000 0000
17A5 0000 09E1 091E 0000 0000 7FFF 0000 0000 0000 05EC 0000 0000 0000 0C28 0000 0C8E 1CFB 0000 0000 101D 0000 0000 0000
17A5 0000 09E1 091D 0000 0000 7FFF 0000 0000 0000 05EC 0000 0000 0000 0C2A 0000 0C8D 1CFA 0000 0000 101D 0000 0000 0000
17A5 0000 09E1 091D 0000 0000 7FFF 0000 0000 0000 05EC 0000 0000 0000 0C28 0000 0C8E 1CFA 0000 0000 101C 0000 0000 0000
17AC 0000 09E1 091A 0000 0000 7FFF 0000 0000 0000 05E3 0000 0000 0000 0C27 0000 0C74 1CF8 0000 0000 1024 0000 0000 0000
17BD 0000 09E0 091D 0000 0000 7FFF 0000 0000 0000 05C5 0000 0000 0000 0BE1 0000 0C8B 1D10 0000 0000 1019 0000 0000 0000
177A 0000 09E0 093C 0000 0000 7FFF 0000 0000 0000 0611 0000 0000 0000 0C1B 0000 0CE3 1CE2 0000 0000 1014 0000 0000 0000
176F 0000 09E0 0940 0000 0000 7FFF 0000 0000 0000 061B 0000 0000 0000 0C24 0000 0C8C 1CCC 0000 0000 1029 0000 0000 0000
1798 0000 09E0 0921 0000 0000 7FFF 0000 0000 0000 05EB 0000 0000 0000 0C53 0000 0C4A 1CD8 0000 0000 1046 0000 0000 0000
17AF 0000 09E0 090D 0000 0000 7FFF 0000 0000 0000 05D4 0000 0000 0000 0C6A 0000 0C87 1CF0 0000 0000 1029 0000 0000 0000
17A1 0000 09E0 091A 0000 0000 7FFF 0000 0000 0000 05DE 0000 0000 0000 0C0B 0000 0CAB 1CE8 0000 0000 100E 0000 0000 0000
17B5 0000 09E0 0913 0000 0000 7FFF 0000 0000 0000 05D3 0000 0000 0000 0C56 0000 0C8E 1CE7 0000 0000 1023 0000 0000 0000
17AB 0000 09E0 0915 0000 0000 7FFF 0000 0000 0000 05D9 0000 0000 0000 0C2D 0000 0C99 1CEF 0000 0000 1021 0000 0000 0000
1797 0000 09DF 0929 0000 0000 7FFF 0000 0000 0000 05E3 0000 0000 0000 0BFE 0000 0CBD 1CEA 0000 0000 100E 0000 0000 0000
17A2 0000 09E0 091B 0000 0000 7FFF 0000 0000 0000 05DE 0000 0000 0000 0C64 0000 0C7D 1CDB 0000 0000 1031 0000 0000 0000
