1A94 0000 09C8 09F2 0000 0000 7FFF 0000 0000 0000 0350 0000 0000 0000 0000 0000 0000 1B7F 1CC4 0000 0E07 0C73 0000 0000
17A6 0000 09E1 091D 0000 0000 7FFF 0000 0000 0000 05EC 0000 0000 0000 0C29 0000 0C8D 1CFC 0000 0000 101D 0000 0000 0000
17A6 0000 09E1 091E 0000 0000 7FFF 0000 0000 0000 05EC 0000 0000 0000 0C28 0000 0C8D 1CFC 0000 0000 101D 0000 0000 0000
17A6 0000 09E1 091E 0000 0000 7FFF 0000 0000 0000 05EB 0000 0000 0000 0C28 0000 0C8D 1CFC 0000 0000 101D 0000 0000 0000
17A6 0000 09E1 091D 0000 0000 7FFF 0000 0000 0000 05EB 0000 0000 0000 0C28 0000 0C8C 1CFB 0000 0000 101D 0000 0000 0000
17B0 0000 09E1 0919 0000 0000 7FFF 0000 0000 0000 05E0 0000 0000 0000 0C27 0000 0C70 1CFA 0000 0000 1025 0000 0000 0000
17B5 0000 09E0 0928 0000 0000 7FFF 0000 0000 0000 05C3 0000 0000 0000 0BE2 0000 0CAF 1D16 0000 0000 1015 0000 0000 0000
1771 0000 09E0 093F 0000 0000 7FFF 0000 0000 0000 0619 0000 0000 0000 0C20 0000 0CD4 1CDA 0000 0000 1016 0000 0000 0000
178F 0000 09E0 092C 0000 0000 7FFF 0000 0000 0000 05F6 0000 0000 0000 0C30 0000 0C58 1CD7 0000 0000 1037 0000 0000 0000
17A1 0000 09E0 091D 0000 0000 7FFF 0000 0000 0000 05E1 0000 0000 0000 0C4F 0000 0C6E 1CE1 0000 0000 1039 0000 0000 0000
17AF 0000 09E0 0911 0000 0000 7FFF 0000 0000 0000 05D2 0000 0000 0000 0C33 0000 0C97 1CF6 0000 0000 101E 0000 0000 0000
179D 0000 09E0 091E 0000 0000 7FFF 0000 0000 0000 05E0 0000 0000 0000 0C33 0000 0CA0 1CE2 0000 0000 1019 0000 0000 0000
17B0 0000 09E0 0913 0000 0000 7FFF 0000 0000 0000 05D9 0000 0000 0000 0C4D 0000 0C8D 1CE5 0000 0000 101A 0000 0000 0000
17B7 0000 09E0 0914 0000 0000 7FFF 0000 0000 0000 05CB 0000 0000 0000 0C34 0000 0C96 1CF5 0000 0000 101F 0000 0000 0000
179A 0000 09DF 0925 0000 0000 7FFF 0000 0000 0000 05E3 0000 0000 0000 0BFE 0000 0CBB 1CE6 0000 0000 1011 0000 0000 0000
17A0 0000 09E0 091D 0000 0000 7FFF 0000 0000 0000 05E3 0000 0000 0000 0C60 0000 0C84 1CDC 0000 0000 102D 0000 0000 0000
