1A94 0000 09C8 09F3 0000 0000 7FFF 0000 0000 0000 0351 0000 0000 0000 0000 0000 0000 1B7F 1CC4 0000 0E06 0C74 0000 0000
17A7 0000 09E1 091D 0000 0000 7FFF 0000 0000 0000 05EB 0000 0000 0000 0C2B 0000 0C8B 1CFC 0000 0000 101E 0000 0000 0000
17A9 0000 09E1 091C 0000 0000 7FFF 0000 0000 0000 05E8 0000 0000 0000 0C2B 0000 0C87 1CFD 0000 0000 101F 0000 0000 0000
17AF 0000 09E1 0918 0000 0000 7FFF 0000 0000 0000 05E1 0000 0000 0000 0C28 0000 0C7C 1CFD 0000 0000 1021 0000 0000 0000
17B5 0000 09E0 091F 0000 0000 7FFF 0000 0000 0000 05CD 0000 0000 0000 0C0A 0000 0C93 1D03 0000 0000 101A 0000 0000 0000
1798 0000 09E0 091D 0000 0000 7FFF 0000 0000 0000 05E6 0000 0000 0000 0C34 0000 0C92 1CE4 0000 0000 1023 0000 0000 0000
17A4 0000 09E0 0911 0000 0000 7FFF 0000 0000 0000 05DF 0000 0000 0000 0C46 0000 0C86 1CE4 0000 0000 101E 0000 0000 0000
17AB 0000 09E0 0911 0000 0000 7FFF 0000 0000 0000 05D8 0000 0000 0000 0C37 0000 0C93 1CEE 0000 0000 1017 0000 0000 0000
17A3 0000 09E0 0918 0000 0000 7FFF 0000 0000 0000 05DB 0000 0000 0000 0C1B 0000 0C9F 1CEB 0000 0000 1014 0000 0000 0000
17A2 0000 09E0 0914 0000 0000 7FFF 0000 0000 0000 05DF 0000 0000 0000 0C45 0000 0C91 1CE2 0000 0000 101D 0000 0000 0000
17A8 0000 09E0 0910 0000 0000 7FFF 0000 0000 0000 05DC 0000 0000 0000 0C37 0000 0C8F 1CE7 0000 0000 1016 0000 0000 0000
17B3 0000 09E0 0916 0000 0000 7FFF 0000 0000 0000 05D7 0000 0000 0000 0C2C 0000 0C8C 1CE5 0000 0000 1013 0000 0000 0000
17B9 0000 09E0 0923 0000 0000 7FFF 0000 0000 0000 05D0 0000 0000 0000 0C03 0000 0C9B 1CED 0000 0000 1014 0000 0000 0000
17CB 0000 09E1 0908 0000 0000 7FFF 0000 0000 0000 05C8 0000 0000 0000 0C6D 0000 0C93 1CFD 0000 0000 1030 0000 0000 0000
17CC 0000 09E1 0906 0000 0000 7FFF 0000 0000 0000 05C9 0000 0000 0000 0C4B 0000 0C92 1D0F 0000 0000 1024 0000 0000 0000
17CA 0000 09E1 0906 0000 0000 7FFF 0000 0000 0000 05C9 0000 0000 0000 0C2B 0000 0C8C 1D11 0000 0000 1015 0000 0000 0000
