1AA0 0000 09CA 09EE 0000 0000 7FFF 0000 0000 0000 0343 0000 0000 0000 0000 0000 0000 1B87 1CC1 0000 0E0D 0C73 0000 0000
17A4 0000 09E1 091F 0000 0000 7FFF 0000 0000 0000 05EE 0000 0000 0000 0C27 0000 0CA2 1CFD 0000 0000 1013 0000 0000 0000
17A0 0000 09E1 0921 0000 0000 7FFF 0000 0000 0000 05F1 0000 0000 0000 0C28 0000 0C8F 1CF9 0000 0000 101E 0000 0000 0000
17A1 0000 09E1 0921 0000 0000 7FFF 0000 0000 0000 05F1 0000 0000 0000 0C29 0000 0C8F 1CF8 0000 0000 101E 0000 0000 0000
17A1 0000 09E1 0921 0000 0000 7FFF 0000 0000 0000 05F0 0000 0000 0000 0C28 0000 0C8F 1CF8 0000 0000 101E 0000 0000 0000
17A2 0000 09E1 0920 0000 0000 7FFF 0000 0000 0000 05EF 0000 0000 0000 0C29 0000 0C8A 1CF7 0000 0000 101F 0000 0000 0000
17B3 0000 09E1 0916 0000 0000 7FFF 0000 0000 0000 05DD 0000 0000 0000 0C2C 0000 0C69 1CF9 0000 0000 1028 0000 0000 0000
17AC 0000 09E0 0934 0000 0000 7FFF 0000 0000 0000 05C8 0000 0000 0000 0BF3 0000 0CC8 1D13 0000 0000 1015 0000 0000 0000
1799 0000 09E0 0934 0000 0000 7FFF 0000 0000 0000 05E8 0000 0000 0000 0C0A 0000 0CA0 1CF3 0000 0000 102E 0000 0000 0000
1781 0000 09E0 0937 0000 0000 7FFF 0000 0000 0000 0608 0000 0000 0000 0C3B 0000 0C83 1CD6 0000 0000 1031 0000 0000 0000
17A4 0000 09E0 0914 0000 0000 7FFF 0000 0000 0000 05E3 0000 0000 0000 0C62 0000 0C70 1CE9 0000 0000 1035 0000 0000 0000
17B0 0000 09E0 0917 0000 0000 7FFF 0000 0000 0000 05CC 0000 0000 0000 0C09 0000 0C90 1CFE 0000 0000 101C 0000 0000 0000
1798 0000 09E0 0928 0000 0000 7FFF 0000 0000 0000 05E8 0000 0000 0000 0C2C 0000 0CB4 1CE7 0000 0000 1018 0000 0000 0000
179D 0000 09E0 091B 0000 0000 7FFF 0000 0000 0000 05E5 0000 0000 0000 0C4E 0000 0C90 1CE7 0000 0000 102E 0000 0000 0000
179F 0000 09E0 091A 0000 0000 7FFF 0000 0000 0000 05E3 0000 0000 0000 0C3A 0000 0C95 1CE7 0000 0000 101C 0000 0000 0000
17B8 0000 09E0 090F 0000 0000 7FFF 0000 0000 0000 05D3 0000 0000 0000 0C41 0000 0C87 1CEE 0000 0000 1022 0000 0000 0000
