1A95 0000 09C7 09F2 0000 0000 7FFF 0000 0000 0000 0350 0000 0000 0000 0000 0000 0000 1B7E 1CC3 0000 0E08 0C72 0000 0000
17A7 0000 09E1 091E 0000 0000 7FFF 0000 0000 0000 05EB 0000 0000 0000 0C28 0000 0C8C 1CFD 0000 0000 101E 0000 0000 0000
17A7 0000 09E1 091D 0000 0000 7FFF 0000 0000 0000 05EC 0000 0000 0000 0C29 0000 0C8D 1CFC 0000 0000 101E 0000 0000 0000
17A7 0000 09E1 091E 0000 0000 7FFF 0000 0000 0000 05EB 0000 0000 0000 0C28 0000 0C8D 1CFB 0000 0000 101D 0000 0000 0000
17A9 0000 09E1 091D 0000 0000 7FFF 0000 0000 0000 05E7 0000 0000 0000 0C27 0000 0C84 1CFA 0000 0000 1020 0000 0000 0000
17C0 0000 09E1 090C 0000 0000 7FFF 0000 0000 0000 05D1 0000 0000 0000 0C42 0000 0C6B 1D02 0000 0000 1028 0000 0000 0000
17A0 0000 09E0 092E 0000 0000 7FFF 0000 0000 0000 05E1 0000 0000 0000 0BE4 0000 0CE0 1CFC 0000 0000 1006 0000 0000 0000
1798 0000 09E0 091E 0000 0000 7FFF 0000 0000 0000 05E9 0000 0000 0000 0C52 0000 0C6E 1CDF 0000 0000 1038 0000 0000 0000
17A9 0000 09E0 0912 0000 0000 7FFF 0000 0000 0000 05DD 0000 0000 0000 0C53 0000 0C8B 1CE8 0000 0000 101F 0000 0000 0000
17A0 0000 09E0 091C 0000 0000 7FFF 0000 0000 0000 05DE 0000 0000 0000 0C1F 0000 0CA4 1CEC 0000 0000 101B 0000 0000 0000
179F 0000 09E0 0919 0000 0000 7FFF 0000 0000 0000 05E5 0000 0000 0000 0C3C 0000 0C89 1CDB 0000 0000 101E 0000 0000 0000
17A9 0000 09E0 0917 0000 0000 7FFF 0000 0000 0000 05DA 0000 0000 0000 0C39 0000 0C94 1CEA 0000 0000 101B 0000 0000 0000
17A8 0000 09E0 0913 0000 0000 7FFF 0000 0000 0000 05DC 0000 0000 0000 0C38 0000 0C95 1CED 0000 0000 101E 0000 0000 0000
17A9 0000 09E0 0921 0000 0000 7FFF 0000 0000 0000 05DB 0000 0000 0000 0BFF 0000 0C96 1CE7 0000 0000 100F 0000 0000 0000
17C8 0000 09E0 090F 0000 0000 7FFF 0000 0000 0000 05C3 0000 0000 0000 0C4A 0000 0C90 1CF5 0000 0000 1028 0000 0000 0000
17CC 0000 09E1 0904 0000 0000 7FFF 0000 0000 0000 05C9 0000 0000 0000 0C69 0000 0C93 1D0D 0000 0000 102C 0000 0000 0000
