Feature map now = 0
Before shuffle
Left :  [0, 4, 8, 12, 16, 20, 24, 28, 32, 36, 40, 44, 48, 52, 56, 60, 64, 68, 72, 76, 80, 84, 88, 92]
Right:  [96, 100, 104, 108, 112, 116, 120, 124, 128, 132, 136, 140, 144, 148, 152, 156, 160, 164, 168, 172, 176, 180, 184, 188]
After shuffle
Left :  [0, 96, 4, 100, 8, 104, 12, 108, 16, 112, 20, 116, 24, 120, 28, 124, 32, 128, 36, 132, 40, 136, 44, 140]
Right:  [48, 144, 52, 148, 56, 152, 60, 156, 64, 160, 68, 164, 72, 168, 76, 172, 80, 176, 84, 180, 88, 184, 92, 188]



Feature map now = 1
Before shuffle
Left :  [0, 96, 4, 100, 8, 104, 12, 108, 16, 112, 20, 116, 24, 120, 28, 124, 32, 128, 36, 132, 40, 136, 44, 140]
Right:  [48, 144, 52, 148, 56, 152, 60, 156, 64, 160, 68, 164, 72, 168, 76, 172, 80, 176, 84, 180, 88, 184, 92, 188]
After shuffle
Left :  [0, 48, 96, 144, 4, 52, 100, 148, 8, 56, 104, 152, 12, 60, 108, 156, 16, 64, 112, 160, 20, 68, 116, 164]
Right:  [24, 72, 120, 168, 28, 76, 124, 172, 32, 80, 128, 176, 36, 84, 132, 180, 40, 88, 136, 184, 44, 92, 140, 188]



Feature map now = 2
Before shuffle
Left :  [0, 48, 96, 144, 4, 52, 100, 148, 8, 56, 104, 152, 12, 60, 108, 156, 16, 64, 112, 160, 20, 68, 116, 164]
Right:  [24, 72, 120, 168, 28, 76, 124, 172, 32, 80, 128, 176, 36, 84, 132, 180, 40, 88, 136, 184, 44, 92, 140, 188]
After shuffle
Left :  [0, 24, 48, 72, 96, 120, 144, 168, 4, 28, 52, 76, 100, 124, 148, 172, 8, 32, 56, 80, 104, 128, 152, 176]
Right:  [12, 36, 60, 84, 108, 132, 156, 180, 16, 40, 64, 88, 112, 136, 160, 184, 20, 44, 68, 92, 116, 140, 164, 188]



Feature map now = 3
Before shuffle
Left :  [0, 24, 48, 72, 96, 120, 144, 168, 4, 28, 52, 76, 100, 124, 148, 172, 8, 32, 56, 80, 104, 128, 152, 176]
Right:  [12, 36, 60, 84, 108, 132, 156, 180, 16, 40, 64, 88, 112, 136, 160, 184, 20, 44, 68, 92, 116, 140, 164, 188]
After shuffle
Left :  [0, 12, 24, 36, 48, 60, 72, 84, 96, 108, 120, 132, 144, 156, 168, 180, 4, 16, 28, 40, 52, 64, 76, 88]
Right:  [100, 112, 124, 136, 148, 160, 172, 184, 8, 20, 32, 44, 56, 68, 80, 92, 104, 116, 128, 140, 152, 164, 176, 188]



Feature map now = 4
Before shuffle
Left :  [0, 2, 4, 6, 8, 10, 12, 14, 16, 18, 20, 22, 24, 26, 28, 30, 32, 34, 36, 38, 40, 42, 44, 46, 48, 50, 52, 54, 56, 58, 60, 62, 64, 66, 68, 70, 72, 74, 76, 78, 80, 82, 84, 86, 88, 90, 92, 94]
Right:  [96, 98, 100, 102, 104, 106, 108, 110, 112, 114, 116, 118, 120, 122, 124, 126, 128, 130, 132, 134, 136, 138, 140, 142, 144, 146, 148, 150, 152, 154, 156, 158, 160, 162, 164, 166, 168, 170, 172, 174, 176, 178, 180, 182, 184, 186, 188, 190]
After shuffle
Left :  [0, 96, 2, 98, 4, 100, 6, 102, 8, 104, 10, 106, 12, 108, 14, 110, 16, 112, 18, 114, 20, 116, 22, 118, 24, 120, 26, 122, 28, 124, 30, 126, 32, 128, 34, 130, 36, 132, 38, 134, 40, 136, 42, 138, 44, 140, 46, 142]
Right:  [48, 144, 50, 146, 52, 148, 54, 150, 56, 152, 58, 154, 60, 156, 62, 158, 64, 160, 66, 162, 68, 164, 70, 166, 72, 168, 74, 170, 76, 172, 78, 174, 80, 176, 82, 178, 84, 180, 86, 182, 88, 184, 90, 186, 92, 188, 94, 190]



Feature map now = 5
Before shuffle
Left :  [0, 96, 2, 98, 4, 100, 6, 102, 8, 104, 10, 106, 12, 108, 14, 110, 16, 112, 18, 114, 20, 116, 22, 118, 24, 120, 26, 122, 28, 124, 30, 126, 32, 128, 34, 130, 36, 132, 38, 134, 40, 136, 42, 138, 44, 140, 46, 142]
Right:  [48, 144, 50, 146, 52, 148, 54, 150, 56, 152, 58, 154, 60, 156, 62, 158, 64, 160, 66, 162, 68, 164, 70, 166, 72, 168, 74, 170, 76, 172, 78, 174, 80, 176, 82, 178, 84, 180, 86, 182, 88, 184, 90, 186, 92, 188, 94, 190]
After shuffle
Left :  [0, 48, 96, 144, 2, 50, 98, 146, 4, 52, 100, 148, 6, 54, 102, 150, 8, 56, 104, 152, 10, 58, 106, 154, 12, 60, 108, 156, 14, 62, 110, 158, 16, 64, 112, 160, 18, 66, 114, 162, 20, 68, 116, 164, 22, 70, 118, 166]
Right:  [24, 72, 120, 168, 26, 74, 122, 170, 28, 76, 124, 172, 30, 78, 126, 174, 32, 80, 128, 176, 34, 82, 130, 178, 36, 84, 132, 180, 38, 86, 134, 182, 40, 88, 136, 184, 42, 90, 138, 186, 44, 92, 140, 188, 46, 94, 142, 190]



Feature map now = 6
Before shuffle
Left :  [0, 48, 96, 144, 2, 50, 98, 146, 4, 52, 100, 148, 6, 54, 102, 150, 8, 56, 104, 152, 10, 58, 106, 154, 12, 60, 108, 156, 14, 62, 110, 158, 16, 64, 112, 160, 18, 66, 114, 162, 20, 68, 116, 164, 22, 70, 118, 166]
Right:  [24, 72, 120, 168, 26, 74, 122, 170, 28, 76, 124, 172, 30, 78, 126, 174, 32, 80, 128, 176, 34, 82, 130, 178, 36, 84, 132, 180, 38, 86, 134, 182, 40, 88, 136, 184, 42, 90, 138, 186, 44, 92, 140, 188, 46, 94, 142, 190]
After shuffle
Left :  [0, 24, 48, 72, 96, 120, 144, 168, 2, 26, 50, 74, 98, 122, 146, 170, 4, 28, 52, 76, 100, 124, 148, 172, 6, 30, 54, 78, 102, 126, 150, 174, 8, 32, 56, 80, 104, 128, 152, 176, 10, 34, 58, 82, 106, 130, 154, 178]
Right:  [12, 36, 60, 84, 108, 132, 156, 180, 14, 38, 62, 86, 110, 134, 158, 182, 16, 40, 64, 88, 112, 136, 160, 184, 18, 42, 66, 90, 114, 138, 162, 186, 20, 44, 68, 92, 116, 140, 164, 188, 22, 46, 70, 94, 118, 142, 166, 190]



Feature map now = 7
Before shuffle
Left :  [0, 24, 48, 72, 96, 120, 144, 168, 2, 26, 50, 74, 98, 122, 146, 170, 4, 28, 52, 76, 100, 124, 148, 172, 6, 30, 54, 78, 102, 126, 150, 174, 8, 32, 56, 80, 104, 128, 152, 176, 10, 34, 58, 82, 106, 130, 154, 178]
Right:  [12, 36, 60, 84, 108, 132, 156, 180, 14, 38, 62, 86, 110, 134, 158, 182, 16, 40, 64, 88, 112, 136, 160, 184, 18, 42, 66, 90, 114, 138, 162, 186, 20, 44, 68, 92, 116, 140, 164, 188, 22, 46, 70, 94, 118, 142, 166, 190]
After shuffle
Left :  [0, 12, 24, 36, 48, 60, 72, 84, 96, 108, 120, 132, 144, 156, 168, 180, 2, 14, 26, 38, 50, 62, 74, 86, 98, 110, 122, 134, 146, 158, 170, 182, 4, 16, 28, 40, 52, 64, 76, 88, 100, 112, 124, 136, 148, 160, 172, 184]
Right:  [6, 18, 30, 42, 54, 66, 78, 90, 102, 114, 126, 138, 150, 162, 174, 186, 8, 20, 32, 44, 56, 68, 80, 92, 104, 116, 128, 140, 152, 164, 176, 188, 10, 22, 34, 46, 58, 70, 82, 94, 106, 118, 130, 142, 154, 166, 178, 190]



Feature map now = 8
Before shuffle
Left :  [0, 12, 24, 36, 48, 60, 72, 84, 96, 108, 120, 132, 144, 156, 168, 180, 2, 14, 26, 38, 50, 62, 74, 86, 98, 110, 122, 134, 146, 158, 170, 182, 4, 16, 28, 40, 52, 64, 76, 88, 100, 112, 124, 136, 148, 160, 172, 184]
Right:  [6, 18, 30, 42, 54, 66, 78, 90, 102, 114, 126, 138, 150, 162, 174, 186, 8, 20, 32, 44, 56, 68, 80, 92, 104, 116, 128, 140, 152, 164, 176, 188, 10, 22, 34, 46, 58, 70, 82, 94, 106, 118, 130, 142, 154, 166, 178, 190]
After shuffle
Left :  [0, 6, 12, 18, 24, 30, 36, 42, 48, 54, 60, 66, 72, 78, 84, 90, 96, 102, 108, 114, 120, 126, 132, 138, 144, 150, 156, 162, 168, 174, 180, 186, 2, 8, 14, 20, 26, 32, 38, 44, 50, 56, 62, 68, 74, 80, 86, 92]
Right:  [98, 104, 110, 116, 122, 128, 134, 140, 146, 152, 158, 164, 170, 176, 182, 188, 4, 10, 16, 22, 28, 34, 40, 46, 52, 58, 64, 70, 76, 82, 88, 94, 100, 106, 112, 118, 124, 130, 136, 142, 148, 154, 160, 166, 172, 178, 184, 190]



Feature map now = 9
Before shuffle
Left :  [0, 6, 12, 18, 24, 30, 36, 42, 48, 54, 60, 66, 72, 78, 84, 90, 96, 102, 108, 114, 120, 126, 132, 138, 144, 150, 156, 162, 168, 174, 180, 186, 2, 8, 14, 20, 26, 32, 38, 44, 50, 56, 62, 68, 74, 80, 86, 92]
Right:  [98, 104, 110, 116, 122, 128, 134, 140, 146, 152, 158, 164, 170, 176, 182, 188, 4, 10, 16, 22, 28, 34, 40, 46, 52, 58, 64, 70, 76, 82, 88, 94, 100, 106, 112, 118, 124, 130, 136, 142, 148, 154, 160, 166, 172, 178, 184, 190]
After shuffle
Left :  [0, 98, 6, 104, 12, 110, 18, 116, 24, 122, 30, 128, 36, 134, 42, 140, 48, 146, 54, 152, 60, 158, 66, 164, 72, 170, 78, 176, 84, 182, 90, 188, 96, 4, 102, 10, 108, 16, 114, 22, 120, 28, 126, 34, 132, 40, 138, 46]
Right:  [144, 52, 150, 58, 156, 64, 162, 70, 168, 76, 174, 82, 180, 88, 186, 94, 2, 100, 8, 106, 14, 112, 20, 118, 26, 124, 32, 130, 38, 136, 44, 142, 50, 148, 56, 154, 62, 160, 68, 166, 74, 172, 80, 178, 86, 184, 92, 190]



Feature map now = 10
Before shuffle
Left :  [0, 98, 6, 104, 12, 110, 18, 116, 24, 122, 30, 128, 36, 134, 42, 140, 48, 146, 54, 152, 60, 158, 66, 164, 72, 170, 78, 176, 84, 182, 90, 188, 96, 4, 102, 10, 108, 16, 114, 22, 120, 28, 126, 34, 132, 40, 138, 46]
Right:  [144, 52, 150, 58, 156, 64, 162, 70, 168, 76, 174, 82, 180, 88, 186, 94, 2, 100, 8, 106, 14, 112, 20, 118, 26, 124, 32, 130, 38, 136, 44, 142, 50, 148, 56, 154, 62, 160, 68, 166, 74, 172, 80, 178, 86, 184, 92, 190]
After shuffle
Left :  [0, 144, 98, 52, 6, 150, 104, 58, 12, 156, 110, 64, 18, 162, 116, 70, 24, 168, 122, 76, 30, 174, 128, 82, 36, 180, 134, 88, 42, 186, 140, 94, 48, 2, 146, 100, 54, 8, 152, 106, 60, 14, 158, 112, 66, 20, 164, 118]
Right:  [72, 26, 170, 124, 78, 32, 176, 130, 84, 38, 182, 136, 90, 44, 188, 142, 96, 50, 4, 148, 102, 56, 10, 154, 108, 62, 16, 160, 114, 68, 22, 166, 120, 74, 28, 172, 126, 80, 34, 178, 132, 86, 40, 184, 138, 92, 46, 190]



Feature map now = 11
Before shuffle
Left :  [0, 144, 98, 52, 6, 150, 104, 58, 12, 156, 110, 64, 18, 162, 116, 70, 24, 168, 122, 76, 30, 174, 128, 82, 36, 180, 134, 88, 42, 186, 140, 94, 48, 2, 146, 100, 54, 8, 152, 106, 60, 14, 158, 112, 66, 20, 164, 118]
Right:  [72, 26, 170, 124, 78, 32, 176, 130, 84, 38, 182, 136, 90, 44, 188, 142, 96, 50, 4, 148, 102, 56, 10, 154, 108, 62, 16, 160, 114, 68, 22, 166, 120, 74, 28, 172, 126, 80, 34, 178, 132, 86, 40, 184, 138, 92, 46, 190]
After shuffle
Left :  [0, 72, 144, 26, 98, 170, 52, 124, 6, 78, 150, 32, 104, 176, 58, 130, 12, 84, 156, 38, 110, 182, 64, 136, 18, 90, 162, 44, 116, 188, 70, 142, 24, 96, 168, 50, 122, 4, 76, 148, 30, 102, 174, 56, 128, 10, 82, 154]
Right:  [36, 108, 180, 62, 134, 16, 88, 160, 42, 114, 186, 68, 140, 22, 94, 166, 48, 120, 2, 74, 146, 28, 100, 172, 54, 126, 8, 80, 152, 34, 106, 178, 60, 132, 14, 86, 158, 40, 112, 184, 66, 138, 20, 92, 164, 46, 118, 190]



Feature map now = 12
Before shuffle
Left :  [0, 1, 2, 3, 4, 5, 6, 7, 8, 9, 10, 11, 12, 13, 14, 15, 16, 17, 18, 19, 20, 21, 22, 23, 24, 25, 26, 27, 28, 29, 30, 31, 32, 33, 34, 35, 36, 37, 38, 39, 40, 41, 42, 43, 44, 45, 46, 47, 48, 49, 50, 51, 52, 53, 54, 55, 56, 57, 58, 59, 60, 61, 62, 63, 64, 65, 66, 67, 68, 69, 70, 71, 72, 73, 74, 75, 76, 77, 78, 79, 80, 81, 82, 83, 84, 85, 86, 87, 88, 89, 90, 91, 92, 93, 94, 95]
Right:  [96, 97, 98, 99, 100, 101, 102, 103, 104, 105, 106, 107, 108, 109, 110, 111, 112, 113, 114, 115, 116, 117, 118, 119, 120, 121, 122, 123, 124, 125, 126, 127, 128, 129, 130, 131, 132, 133, 134, 135, 136, 137, 138, 139, 140, 141, 142, 143, 144, 145, 146, 147, 148, 149, 150, 151, 152, 153, 154, 155, 156, 157, 158, 159, 160, 161, 162, 163, 164, 165, 166, 167, 168, 169, 170, 171, 172, 173, 174, 175, 176, 177, 178, 179, 180, 181, 182, 183, 184, 185, 186, 187, 188, 189, 190, 191]
After shuffle
Left :  [0, 96, 1, 97, 2, 98, 3, 99, 4, 100, 5, 101, 6, 102, 7, 103, 8, 104, 9, 105, 10, 106, 11, 107, 12, 108, 13, 109, 14, 110, 15, 111, 16, 112, 17, 113, 18, 114, 19, 115, 20, 116, 21, 117, 22, 118, 23, 119, 24, 120, 25, 121, 26, 122, 27, 123, 28, 124, 29, 125, 30, 126, 31, 127, 32, 128, 33, 129, 34, 130, 35, 131, 36, 132, 37, 133, 38, 134, 39, 135, 40, 136, 41, 137, 42, 138, 43, 139, 44, 140, 45, 141, 46, 142, 47, 143]
Right:  [48, 144, 49, 145, 50, 146, 51, 147, 52, 148, 53, 149, 54, 150, 55, 151, 56, 152, 57, 153, 58, 154, 59, 155, 60, 156, 61, 157, 62, 158, 63, 159, 64, 160, 65, 161, 66, 162, 67, 163, 68, 164, 69, 165, 70, 166, 71, 167, 72, 168, 73, 169, 74, 170, 75, 171, 76, 172, 77, 173, 78, 174, 79, 175, 80, 176, 81, 177, 82, 178, 83, 179, 84, 180, 85, 181, 86, 182, 87, 183, 88, 184, 89, 185, 90, 186, 91, 187, 92, 188, 93, 189, 94, 190, 95, 191]



Feature map now = 13
Before shuffle
Left :  [0, 96, 1, 97, 2, 98, 3, 99, 4, 100, 5, 101, 6, 102, 7, 103, 8, 104, 9, 105, 10, 106, 11, 107, 12, 108, 13, 109, 14, 110, 15, 111, 16, 112, 17, 113, 18, 114, 19, 115, 20, 116, 21, 117, 22, 118, 23, 119, 24, 120, 25, 121, 26, 122, 27, 123, 28, 124, 29, 125, 30, 126, 31, 127, 32, 128, 33, 129, 34, 130, 35, 131, 36, 132, 37, 133, 38, 134, 39, 135, 40, 136, 41, 137, 42, 138, 43, 139, 44, 140, 45, 141, 46, 142, 47, 143]
Right:  [48, 144, 49, 145, 50, 146, 51, 147, 52, 148, 53, 149, 54, 150, 55, 151, 56, 152, 57, 153, 58, 154, 59, 155, 60, 156, 61, 157, 62, 158, 63, 159, 64, 160, 65, 161, 66, 162, 67, 163, 68, 164, 69, 165, 70, 166, 71, 167, 72, 168, 73, 169, 74, 170, 75, 171, 76, 172, 77, 173, 78, 174, 79, 175, 80, 176, 81, 177, 82, 178, 83, 179, 84, 180, 85, 181, 86, 182, 87, 183, 88, 184, 89, 185, 90, 186, 91, 187, 92, 188, 93, 189, 94, 190, 95, 191]
After shuffle
Left :  [0, 48, 96, 144, 1, 49, 97, 145, 2, 50, 98, 146, 3, 51, 99, 147, 4, 52, 100, 148, 5, 53, 101, 149, 6, 54, 102, 150, 7, 55, 103, 151, 8, 56, 104, 152, 9, 57, 105, 153, 10, 58, 106, 154, 11, 59, 107, 155, 12, 60, 108, 156, 13, 61, 109, 157, 14, 62, 110, 158, 15, 63, 111, 159, 16, 64, 112, 160, 17, 65, 113, 161, 18, 66, 114, 162, 19, 67, 115, 163, 20, 68, 116, 164, 21, 69, 117, 165, 22, 70, 118, 166, 23, 71, 119, 167]
Right:  [24, 72, 120, 168, 25, 73, 121, 169, 26, 74, 122, 170, 27, 75, 123, 171, 28, 76, 124, 172, 29, 77, 125, 173, 30, 78, 126, 174, 31, 79, 127, 175, 32, 80, 128, 176, 33, 81, 129, 177, 34, 82, 130, 178, 35, 83, 131, 179, 36, 84, 132, 180, 37, 85, 133, 181, 38, 86, 134, 182, 39, 87, 135, 183, 40, 88, 136, 184, 41, 89, 137, 185, 42, 90, 138, 186, 43, 91, 139, 187, 44, 92, 140, 188, 45, 93, 141, 189, 46, 94, 142, 190, 47, 95, 143, 191]



Feature map now = 14
Before shuffle
Left :  [0, 48, 96, 144, 1, 49, 97, 145, 2, 50, 98, 146, 3, 51, 99, 147, 4, 52, 100, 148, 5, 53, 101, 149, 6, 54, 102, 150, 7, 55, 103, 151, 8, 56, 104, 152, 9, 57, 105, 153, 10, 58, 106, 154, 11, 59, 107, 155, 12, 60, 108, 156, 13, 61, 109, 157, 14, 62, 110, 158, 15, 63, 111, 159, 16, 64, 112, 160, 17, 65, 113, 161, 18, 66, 114, 162, 19, 67, 115, 163, 20, 68, 116, 164, 21, 69, 117, 165, 22, 70, 118, 166, 23, 71, 119, 167]
Right:  [24, 72, 120, 168, 25, 73, 121, 169, 26, 74, 122, 170, 27, 75, 123, 171, 28, 76, 124, 172, 29, 77, 125, 173, 30, 78, 126, 174, 31, 79, 127, 175, 32, 80, 128, 176, 33, 81, 129, 177, 34, 82, 130, 178, 35, 83, 131, 179, 36, 84, 132, 180, 37, 85, 133, 181, 38, 86, 134, 182, 39, 87, 135, 183, 40, 88, 136, 184, 41, 89, 137, 185, 42, 90, 138, 186, 43, 91, 139, 187, 44, 92, 140, 188, 45, 93, 141, 189, 46, 94, 142, 190, 47, 95, 143, 191]
After shuffle
Left :  [0, 24, 48, 72, 96, 120, 144, 168, 1, 25, 49, 73, 97, 121, 145, 169, 2, 26, 50, 74, 98, 122, 146, 170, 3, 27, 51, 75, 99, 123, 147, 171, 4, 28, 52, 76, 100, 124, 148, 172, 5, 29, 53, 77, 101, 125, 149, 173, 6, 30, 54, 78, 102, 126, 150, 174, 7, 31, 55, 79, 103, 127, 151, 175, 8, 32, 56, 80, 104, 128, 152, 176, 9, 33, 57, 81, 105, 129, 153, 177, 10, 34, 58, 82, 106, 130, 154, 178, 11, 35, 59, 83, 107, 131, 155, 179]
Right:  [12, 36, 60, 84, 108, 132, 156, 180, 13, 37, 61, 85, 109, 133, 157, 181, 14, 38, 62, 86, 110, 134, 158, 182, 15, 39, 63, 87, 111, 135, 159, 183, 16, 40, 64, 88, 112, 136, 160, 184, 17, 41, 65, 89, 113, 137, 161, 185, 18, 42, 66, 90, 114, 138, 162, 186, 19, 43, 67, 91, 115, 139, 163, 187, 20, 44, 68, 92, 116, 140, 164, 188, 21, 45, 69, 93, 117, 141, 165, 189, 22, 46, 70, 94, 118, 142, 166, 190, 23, 47, 71, 95, 119, 143, 167, 191]



Feature map now = 15
Before shuffle
Left :  [0, 24, 48, 72, 96, 120, 144, 168, 1, 25, 49, 73, 97, 121, 145, 169, 2, 26, 50, 74, 98, 122, 146, 170, 3, 27, 51, 75, 99, 123, 147, 171, 4, 28, 52, 76, 100, 124, 148, 172, 5, 29, 53, 77, 101, 125, 149, 173, 6, 30, 54, 78, 102, 126, 150, 174, 7, 31, 55, 79, 103, 127, 151, 175, 8, 32, 56, 80, 104, 128, 152, 176, 9, 33, 57, 81, 105, 129, 153, 177, 10, 34, 58, 82, 106, 130, 154, 178, 11, 35, 59, 83, 107, 131, 155, 179]
Right:  [12, 36, 60, 84, 108, 132, 156, 180, 13, 37, 61, 85, 109, 133, 157, 181, 14, 38, 62, 86, 110, 134, 158, 182, 15, 39, 63, 87, 111, 135, 159, 183, 16, 40, 64, 88, 112, 136, 160, 184, 17, 41, 65, 89, 113, 137, 161, 185, 18, 42, 66, 90, 114, 138, 162, 186, 19, 43, 67, 91, 115, 139, 163, 187, 20, 44, 68, 92, 116, 140, 164, 188, 21, 45, 69, 93, 117, 141, 165, 189, 22, 46, 70, 94, 118, 142, 166, 190, 23, 47, 71, 95, 119, 143, 167, 191]
After shuffle
Left :  [0, 12, 24, 36, 48, 60, 72, 84, 96, 108, 120, 132, 144, 156, 168, 180, 1, 13, 25, 37, 49, 61, 73, 85, 97, 109, 121, 133, 145, 157, 169, 181, 2, 14, 26, 38, 50, 62, 74, 86, 98, 110, 122, 134, 146, 158, 170, 182, 3, 15, 27, 39, 51, 63, 75, 87, 99, 111, 123, 135, 147, 159, 171, 183, 4, 16, 28, 40, 52, 64, 76, 88, 100, 112, 124, 136, 148, 160, 172, 184, 5, 17, 29, 41, 53, 65, 77, 89, 101, 113, 125, 137, 149, 161, 173, 185]
Right:  [6, 18, 30, 42, 54, 66, 78, 90, 102, 114, 126, 138, 150, 162, 174, 186, 7, 19, 31, 43, 55, 67, 79, 91, 103, 115, 127, 139, 151, 163, 175, 187, 8, 20, 32, 44, 56, 68, 80, 92, 104, 116, 128, 140, 152, 164, 176, 188, 9, 21, 33, 45, 57, 69, 81, 93, 105, 117, 129, 141, 153, 165, 177, 189, 10, 22, 34, 46, 58, 70, 82, 94, 106, 118, 130, 142, 154, 166, 178, 190, 11, 23, 35, 47, 59, 71, 83, 95, 107, 119, 131, 143, 155, 167, 179, 191]



