0000 0000 0000 0000
0140 00B6 0041 0155
0000 0000 0000 0000
00E2 0000 0000 0000
0000 0000 0000 0000
013C 005D 0000 0000
0000 0000 0000 0000
0106 0085 01BC 01B7
0000 0000 0000 0000
00C9 00AD 0000 0080
0000 0000 0000 0000
0072 0086 0000 0000
0000 0000 0000 0000
0097 00DA 0103 016E
0000 0000 0000 0000
00EF 0068 00E0 00DA
0000 0000 0000 0000
0111 010A 00DD 0000
0000 0000 0000 0000
00F9 004E 0000 0000
0000 0000 0000 0000
0069 0104 0219 0246
0000 0000 0000 0000
00EA 0145 012D 022A
0000 0000 0000 0000
0136 0000 0000 0072
0000 0000 0000 0000
00AD 00E9 00A2 015D
0000 0000 0000 0000
00FA 00BB 00DE 00BB
0000 0000 0000 0000
0094 0087 0000 0000
0000 0000 0000 0000
0000 0099 00B0 0000
0000 0000 0000 0000
0082 00EC 01BD 01E2
0000 0000 0000 0000
0084 0106 0058 0014
0000 0000 0000 0000
00D2 00A7 017B 0207
0000 0000 0000 0000
00F8 00CE 0166 00E0
0000 0000 0000 0000
00BF 0061 0000 0000
0000 0000 0000 0000
011F 00F3 0102 00D8
0000 0000 0000 0000
00CA 0129 015D 014C
0000 0000 0000 0000
0045 00CE 00BB 0018
0000 0000 0000 0000
00A6 00A2 0000 0071
0000 0000 0000 0000
00A1 00C5 0020 0081
0000 0000 0000 0000
0000 0000 0000 0000
0000 0000 0000 0000
0074 0045 0001 0016
0000 0000 0000 0000
003F 0000 0000 0000
0000 0000 0000 0000
0045 0054 00ED 00FA
0000 0000 0000 0000
0032 004F 007A 0047
0000 0000 0000 0000
0004 0091 000B 0038
0000 0000 0000 0000
0010 0031 0000 0000
0000 0000 0000 0000
0000 0000 0176 0127
0000 0000 0000 0000
00DC 00B5 0000 0000
0000 0000 0000 0000
005A 008D 017A 0127
0000 0000 0000 0000
0079 00D5 0165 017F
0000 0000 0000 0000
0029 0000 003C 0009
0000 0000 0000 0000
0070 002E 0000 003C
0000 0000 0000 0000
0000 0000 0000 0000
0000 0000 0000 0000
0000 0037 01C0 0083
0000 0000 0000 0000
0000 0000 0000 0000
0000 0000 0000 0000
00F1 007A 00C3 0080
0000 0000 0000 0000
005B 003D 0000 0000
0000 0000 0000 0000
0000 007F 0149 00AB
0000 0000 0000 0000
0000 012D 018A 018A
0000 0000 0000 0000
012D 0122 0021 0052
0000 0000 0000 0000
006F 000E 0092 0042
0000 0000 0000 0000
0077 0000 0000 0031
0000 0000 0000 0000
0000 0000 0000 0000
0000 0000 0000 0000
0000 0126 000B 003B
0000 0000 0000 0000
0131 0019 00EC 0092
0000 0000 0000 0000
0000 0000 0000 0000
0000 0000 0000 0000
00C3 00A2 00DE 00ED
0000 0000 0000 0000
0000 0000 0000 004E
0000 0000 0000 0000
00D8 0000 0000 0000
0000 0000 0000 0000
00A7 0000 0000 0000
0000 0000 0000 0000
001F 00B0 00FE 0070
0000 0000 0000 0000
0000 0000 0000 0017
0000 0000 0000 0000
0000 0000 0000 0000
0000 0000 0000 0000
0000 0000 0294 0103
0000 0000 0000 0000
0000 001E 0000 0000
0000 0000 0000 0000
0000 0083 0000 0000
0000 0000 0000 0000
0043 006F 013E 00F8
0000 0000 0000 0000
0076 0000 0000 0000
0000 0000 0000 0000
0000 0007 0086 0007
0000 0000 0000 0000
000D 0024 0002 0000
0000 0000 0000 0000
003B 0060 00AE 0032
0000 0000 0000 0000
0000 0000 0000 0000
0000 0000 0000 0000
00EF 006C 0000 0000
0000 0000 0000 0000
0000 00CE 017A 017D
0000 0000 0000 0000
00CF 0027 0000 0086
0000 0000 0000 0000
0035 008F 007D 01A4
0000 0000 0000 0000
0012 001A 0000 0000
0000 0000 0000 0000
0000 0052 007B 0065
0000 0000 0000 0000
0000 0000 0000 0000
0000 0000 0000 0000
0056 0000 0000 0000
0000 0000 0000 0000
00A0 0080 0000 0000
0000 0000 0000 0000
0003 00AF 00B7 0077
0000 0000 0000 0000
0000 0000 0000 0000
0000 0000 0000 0000
0000 001E 00DB 0098
0000 0000 0000 0000
0131 0109 0000 0065
0000 0000 0000 0000
0043 0031 0146 00B8
0000 0000 0000 0000
0000 0000 0000 0000
0000 0000 0000 0000
0000 0020 0000 002E
0000 0000 0000 0000
0092 0009 0000 0000
0000 0000 0000 0000
0000 0021 002A 0000
0000 0000 0000 0000
003C 00C2 0000 0000
0000 0000 0000 0000
0000 00A6 02C1 019E
0000 0000 0000 0000
0000 010A 0000 001A
0000 0000 0000 0000
0000 0068 0311 01B6
0000 0000 0000 0000
00ED 0147 0000 0000
0000 0000 0000 0000
00E5 005D 0000 0017
0000 0000 0000 0000
0018 0000 0000 0000
0000 0000 0000 0000
0030 007B 00D0 011A

0000 0000 0000 0000
0137 0037 0011 00CA
0000 0000 0000 0000
00C6 0017 0000 0000
0000 0000 0000 0000
0032 0000 0000 0009
0000 0000 0000 0000
00D2 0115 022E 00FB
0000 0000 0000 0000
00F6 0000 0000 00CC
0000 0000 0000 0000
00A0 0046 0000 00AE
0000 0000 0000 0000
00B5 0183 0098 0063
0000 0000 0000 0000
00E8 009A 00E6 00BE
0000 0000 0000 0000
0114 0033 00AA 009E
0000 0000 0000 0000
00A7 0000 0000 0000
0000 0000 0000 0000
006B 0195 01F2 0136
0000 0000 0000 0000
011C 0185 01C7 01E7
0000 0000 0000 0000
00C7 0000 003D 0047
0000 0000 0000 0000
0072 00FB 00D6 00E7
0000 0000 0000 0000
00C7 00FB 00EF 016E
0000 0000 0000 0000
0114 001D 0000 0095
0000 0000 0000 0000
008F 00B6 0079 0085
0000 0000 0000 0000
00C8 0176 0186 0164
0000 0000 0000 0000
0050 00A7 0063 0093
0000 0000 0000 0000
00E6 01B6 0148 00EB
0000 0000 0000 0000
0084 0047 0181 00D3
0000 0000 0000 0000
0023 0000 0000 0000
0000 0000 0000 0000
00FA 0221 010C 00DE
0000 0000 0000 0000
0103 0178 0154 0149
0000 0000 0000 0000
008B 0067 0091 0027
0000 0000 0000 0000
00AD 0002 0035 00C1
0000 0000 0000 0000
007C 0068 0000 00DC
0000 0000 0000 0000
0000 0000 0000 0000
0000 0000 0000 0000
0000 0000 0000 0079
0000 0000 0000 0000
0000 0000 0000 0014
0000 0000 0000 0000
0040 00C9 0109 010C
0000 0000 0000 0000
007B 00C9 006D 007A
0000 0000 0000 0000
0055 006D 0000 005A
0000 0000 0000 0000
0020 0015 000B 0033
0000 0000 0000 0000
0034 00B9 01BA 00FE
0000 0000 0000 0000
0070 0000 0000 0000
0000 0000 0000 0000
008E 012C 0199 00FF
0000 0000 0000 0000
0101 0163 0135 005C
0000 0000 0000 0000
0064 0040 00C4 0084
0000 0000 0000 0000
0060 0000 0000 0000
0000 0000 0000 0000
0011 0000 0000 0000
0000 0000 0000 0000
0000 00BA 0241 00D8
0000 0000 0000 0000
0000 0000 0000 0000
0000 0000 0000 0000
0115 000C 00B9 00AF
0000 0000 0000 0000
0000 0000 0000 0000
0000 0000 0000 0000
00A1 0180 01A1 0092
0000 0000 0000 0000
00C4 029F 01A2 0134
0000 0000 0000 0000
00C1 00B3 0023 004E
0000 0000 0000 0000
006F 0157 008F 0000
0000 0000 0000 0000
0017 0000 0000 0000
0000 0000 0000 0000
0000 0000 0000 0000
0000 0000 0000 0000
0032 007A 0000 00A0
0000 0000 0000 0000
00C7 0000 0063 0066
0000 0000 0000 0000
0000 0000 0000 0000
0000 0000 0000 0000
0077 004F 00F1 008F
0000 0000 0000 0000
0000 0000 0000 0019
0000 0000 0000 0000
0000 0000 0000 0000
0000 0000 0000 0000
002D 0000 0000 0000
0000 0000 0000 0000
0000 000A 0177 0016
0000 0000 0000 0000
0000 0000 0000 0000
0000 0000 0000 0000
0000 0000 0000 0000
0000 0000 0000 0000
006A 0180 0270 00E4
0000 0000 0000 0000
0029 0000 0000 0004
0000 0000 0000 0000
003E 0000 0000 0000
0000 0000 0000 0000
00DE 00FE 00AF 00BD
0000 0000 0000 0000
0000 0000 0000 0000
0000 0000 0000 0000
007E 0000 0098 0000
0000 0000 0000 0000
0022 0069 0091 0051
0000 0000 0000 0000
0000 0063 0106 0028
0000 0000 0000 0000
0000 0000 0000 0000
0000 0000 0000 0000
0000 0000 0000 0000
0000 0000 0000 0000
0060 0223 01B3 0122
0000 0000 0000 0000
00C8 001B 004A 0103
0000 0000 0000 0000
007B 0064 00AA 008C
0000 0000 0000 0000
0000 0000 0000 0000
0000 0000 0000 0000
0000 0000 00B2 00A6
0000 0000 0000 0000
0000 0000 0000 0000
0000 0000 0000 0000
0000 0000 0000 0000
0000 0000 0000 0000
001F 0000 0000 0011
0000 0000 0000 0000
0000 00B3 00A2 0074
0000 0000 0000 0000
0000 0000 0000 0000
0000 0000 0000 0000
0000 00E7 00E8 0087
0000 0000 0000 0000
00D2 0041 0000 002C
0000 0000 0000 0000
008D 0173 0225 014C
0000 0000 0000 0000
0000 0000 0000 0000
0000 0000 0000 0000
0000 007C 00D9 00D8
0000 0000 0000 0000
0000 0000 0000 0000
0000 0000 0000 0000
0000 0000 0000 0000
0000 0000 0000 0000
004E 0000 0000 0000
0000 0000 0000 0000
0000 0174 02E5 015B
0000 0000 0000 0000
002D 0135 0021 00E1
0000 0000 0000 0000
008C 02DA 02D6 0129
0000 0000 0000 0000
0062 0006 0000 0000
0000 0000 0000 0000
00AC 0000 0000 001C
0000 0000 0000 0000
0000 0000 0000 0000
0000 0000 0000 0000
0014 0049 00C1 00F5

0000 0000 0000 0000
00A7 006F 0030 00FB
0000 0000 0000 0000
004E 0000 0000 001C
0000 0000 0000 0000
0054 0000 0000 002E
0000 0000 0000 0000
007F 0112 01D7 00F9
0000 0000 0000 0000
00CA 0095 0054 0165
0000 0000 0000 0000
0070 00C8 0099 006E
0000 0000 0000 0000
005C 00A1 0094 00D6
0000 0000 0000 0000
00B5 00AB 00BD 00F4
0000 0000 0000 0000
0137 0136 01B2 0160
0000 0000 0000 0000
0087 0000 0000 002F
0000 0000 0000 0000
007F 0116 0168 013E
0000 0000 0000 0000
0133 0117 012F 012E
0000 0000 0000 0000
0069 0059 008C 00BE
0000 0000 0000 0000
0051 00F3 015C 00D8
0000 0000 0000 0000
012E 00DC 00AA 013E
0000 0000 0000 0000
00CF 004F 0018 0065
0000 0000 0000 0000
0043 00AA 00E3 0082
0000 0000 0000 0000
0099 00CE 00F0 00F2
0000 0000 0000 0000
0030 006D 005A 0045
0000 0000 0000 0000
013D 00F3 0109 0127
0000 0000 0000 0000
00F8 009D 011A 0088
0000 0000 0000 0000
001E 0000 0000 0000
0000 0000 0000 0000
00FB 01BA 0184 0155
0000 0000 0000 0000
0101 0100 00DB 0105
0000 0000 0000 0000
00B0 009F 0165 009A
0000 0000 0000 0000
0070 003F 00EF 00DC
0000 0000 0000 0000
0114 0015 0028 00A8
0000 0000 0000 0000
0000 0000 0000 0000
0000 0000 0000 0000
00A0 0035 0000 005A
0000 0000 0000 0000
0000 0000 0000 0000
0000 0000 0000 0000
0076 0080 00B1 0073
0000 0000 0000 0000
004A 011B 0126 00A0
0000 0000 0000 0000
0010 003B 008F 0005
0000 0000 0000 0000
0045 0000 0000 00B9
0000 0000 0000 0000
0000 005B 008F 0075
0000 0000 0000 0000
00B0 0000 0000 002A
0000 0000 0000 0000
0093 00CE 00E5 0085
0000 0000 0000 0000
0065 00FA 00D6 00C9
0000 0000 0000 0000
0049 0073 0000 003D
0000 0000 0000 0000
002E 0000 0000 005C
0000 0000 0000 0000
0000 0000 0000 0000
0000 0000 0000 0000
0000 008A 0127 0000
0000 0000 0000 0000
0000 0000 0000 0000
0000 0000 0000 0000
0111 005E 00D6 014E
0000 0000 0000 0000
0000 0000 0000 0067
0000 0000 0000 0000
0059 00E7 016C 007F
0000 0000 0000 0000
00A9 00F7 00BF 00DD
0000 0000 0000 0000
0095 0085 005F 00A6
0000 0000 0000 0000
0000 003C 0067 004D
0000 0000 0000 0000
0000 0000 0000 000F
0000 0000 0000 0000
0000 0000 0000 0000
0000 0000 0000 0000
0003 0009 0000 0000
0000 0000 0000 0000
00F2 0000 0079 00DC
0000 0000 0000 0000
0000 0000 0000 0000
0000 0000 0000 0000
0023 00DE 00B6 0114
0000 0000 0000 0000
0000 0000 0000 004C
0000 0000 0000 0000
0000 0000 0000 0002
0000 0000 0000 0000
007F 0000 0000 0000
0000 0000 0000 0000
0000 0000 0062 0000
0000 0000 0000 0000
0000 0000 0000 002F
0000 0000 0000 0000
0000 0000 0000 0000
0000 0000 0000 0000
004E 00E1 017C 005B
0000 0000 0000 0000
0000 0002 0000 0000
0000 0000 0000 0000
0066 002F 0000 0000
0000 0000 0000 0000
00C4 0090 004B 00D5
0000 0000 0000 0000
0000 0000 0000 0000
0000 0000 0000 0000
0004 00AE 0086 0000
0000 0000 0000 0000
0000 0063 00B9 0030
0000 0000 0000 0000
0000 004A 00BC 0036
0000 0000 0000 0000
0000 003A 0000 0000
0000 0000 0000 0000
007E 0000 0000 00CB
0000 0000 0000 0000
0074 016D 0231 00C4
0000 0000 0000 0000
007E 0077 0093 013B
0000 0000 0000 0000
0000 0055 00A0 0084
0000 0000 0000 0000
0000 0000 0000 0000
0000 0000 0000 0000
0000 002C 0105 0000
0000 0000 0000 0000
0000 0000 0000 0000
0000 0000 0000 0000
0000 0000 0053 0000
0000 0000 0000 0000
0000 0000 0000 0000
0000 0000 0000 0000
0000 007D 002B 0038
0000 0000 0000 0000
0000 0000 0000 0000
0000 0000 0000 0000
0023 008E 00CB 0030
0000 0000 0000 0000
00B7 0000 0000 00AF
0000 0000 0000 0000
009B 00A8 0114 00CF
0000 0000 0000 0000
0000 0000 0000 0000
0000 0000 0000 0000
0019 0063 009B 006D
0000 0000 0000 0000
0053 0000 0059 0000
0000 0000 0000 0000
0000 002F 00C5 0000
0000 0000 0000 0000
0000 0000 0027 0017
0000 0000 0000 0000
0000 0100 0172 0006
0000 0000 0000 0000
003E 0033 0000 002D
0000 0000 0000 0000
0000 015B 025D 00A0
0000 0000 0000 0000
0088 0000 00CF 0081
0000 0000 0000 0000
00AE 0000 0000 006C
0000 0000 0000 0000
0000 0000 0000 0000
0000 0000 0000 0000
0048 0055 0001 0000

0000 0000 0000 0000
013A 00A2 00B8 01DE
0000 0000 0000 0000
005D 00A7 004A 008B
0000 0000 0000 0000
007F 0000 0000 0095
0000 0000 0000 0000
009A 009D 0116 010A
0000 0000 0000 0000
0101 00F3 00FF 015F
0000 0000 0000 0000
0091 0029 0049 00BF
0000 0000 0000 0000
00CB 0130 00D4 00A2
0000 0000 0000 0000
0022 006B 00AB 0000
0000 0000 0000 0000
014C 010C 0153 015A
0000 0000 0000 0000
00F8 0000 0000 0065
0000 0000 0000 0000
0085 015A 0135 00D4
0000 0000 0000 0000
00D2 014B 014A 0201
0000 0000 0000 0000
0103 0074 00A9 015C
0000 0000 0000 0000
003F 00DF 012A 00E4
0000 0000 0000 0000
00AD 0118 011F 016D
0000 0000 0000 0000
0096 00B0 00A3 00E5
0000 0000 0000 0000
00C7 00B6 0006 003C
0000 0000 0000 0000
00EB 0118 00B9 008C
0000 0000 0000 0000
0084 0029 0067 0000
0000 0000 0000 0000
00C0 019D 01C9 00D6
0000 0000 0000 0000
016E 0095 0085 012F
0000 0000 0000 0000
000C 0000 0000 0000
0000 0000 0000 0000
00E7 01A3 0107 00CA
0000 0000 0000 0000
015B 0156 0132 022F
0000 0000 0000 0000
008D 004C 00AF 0168
0000 0000 0000 0000
0020 00DA 0110 0117
0000 0000 0000 0000
00CD 00BB 0086 00F9
0000 0000 0000 0000
0000 0000 0000 0000
0000 0000 0000 0000
00A5 0031 0000 0009
0000 0000 0000 0000
0000 0000 0000 0000
0000 0000 0000 0000
0051 0116 00DE 00AB
0000 0000 0000 0000
0049 0030 0023 0009
0000 0000 0000 0000
0052 0007 0066 00A3
0000 0000 0000 0000
0050 00C3 005C 007B
0000 0000 0000 0000
0003 001E 001A 002F
0000 0000 0000 0000
0106 0034 002A 0091
0000 0000 0000 0000
00CF 00BA 0000 00AC
0000 0000 0000 0000
00DC 014F 0173 00E7
0000 0000 0000 0000
00C0 004A 0000 00D4
0000 0000 0000 0000
008C 003A 0000 0007
0000 0000 0000 0000
004D 0000 0000 0000
0000 0000 0000 0000
0000 0031 0000 0000
0000 0000 0000 0000
0000 0000 0000 0000
0000 0000 0000 0000
00E3 0085 00D0 0185
0000 0000 0000 0000
0004 0000 0000 001D
0000 0000 0000 0000
0090 0136 0143 0067
0000 0000 0000 0000
00B4 0183 0105 00F6
0000 0000 0000 0000
00D9 001B 00AA 0152
0000 0000 0000 0000
001F 004D 00B2 0000
0000 0000 0000 0000
0005 0000 0000 0125
0000 0000 0000 0000
0000 0000 0000 0000
0000 0000 0000 0000
0030 0000 0001 0071
0000 0000 0000 0000
00F0 003C 0068 0164
0000 0000 0000 0000
0000 0000 0000 0000
0000 0000 0000 0000
0058 0081 009B 00B2
0000 0000 0000 0000
0111 0000 0000 017B
0000 0000 0000 0000
0000 0000 0000 005A
0000 0000 0000 0000
0000 0000 0000 0011
0000 0000 0000 0000
0000 0000 0000 0000
0000 0000 0000 0000
0000 0000 0000 0000
0000 0000 0000 0000
0000 0000 0000 0000
0000 0000 0000 0000
0081 00AD 00AA 00E9
0000 0000 0000 0000
0000 0000 0000 0016
0000 0000 0000 0000
0039 004E 0000 0000
0000 0000 0000 0000
00FE 0134 00A4 00F1
0000 0000 0000 0000
0000 0000 0000 0000
0000 0000 0000 0000
0093 007B 003A 00B2
0000 0000 0000 0000
0044 0000 001F 006A
0000 0000 0000 0000
0000 0000 0000 0000
0000 0000 0000 0000
0000 0000 0000 0000
0000 0000 0000 0000
006B 0000 0000 004D
0000 0000 0000 0000
003A 0195 0162 0079
0000 0000 0000 0000
0087 00A5 0090 0102
0000 0000 0000 0000
002D 0087 00F1 007C
0000 0000 0000 0000
0000 0000 0000 0000
0000 0000 0000 0000
0000 0000 0000 0000
0000 0000 0000 0000
0000 0000 0000 0000
0000 0000 0000 0000
0000 0000 0000 0000
0000 0000 0000 0000
006E 0000 0000 009A
0000 0000 0000 0000
005F 0050 0000 0059
0000 0000 0000 0000
0000 0000 0000 0000
0000 0000 0000 0000
0000 00CB 014C 0009
0000 0000 0000 0000
012B 0065 007C 0121
0000 0000 0000 0000
00D7 00A3 0065 00D2
0000 0000 0000 0000
0000 0000 0000 0000
0000 0000 0000 0000
0000 0000 0000 0000
0000 0000 0000 0000
0015 0000 0029 001A
0000 0000 0000 0000
0027 0000 0002 0000
0000 0000 0000 0000
0058 0000 0000 00D3
0000 0000 0000 0000
0000 0021 007C 0000
0000 0000 0000 0000
0000 0000 0035 0091
0000 0000 0000 0000
0000 015C 012E 0000
0000 0000 0000 0000
0000 0000 0000 007C
0000 0000 0000 0000
00C9 00D5 0116 00B2
0000 0000 0000 0000
001F 0000 0000 0000
0000 0000 0000 0000
00BC 00F2 0039 011D
