0000 0000 1302 0000 0000 2190 0000 0520 0DB1 043A 0000 022F 350F 0000 0000 042D 1BF9 0266 0000 00C6 1458 0000 0000 0000
0000 1024 1283 0000 0000 235A 0000 0221 1529 029C 0000 0336 2F48 0000 0000 0507 1A94 01DC 0000 026B 131A 0000 0000 0000
0000 1024 127F 0000 0000 2356 0000 0221 1524 029B 0000 0338 2F52 0000 0000 0509 1A93 01D8 0000 026A 1316 0000 0000 0000
0000 1021 1280 0000 0000 2356 0000 0221 1521 029B 0000 0339 2F51 0000 0000 0508 1A93 01D8 0000 026A 1316 0000 0000 0000
0000 101F 1281 0000 0000 2357 0000 0221 1522 029B 0000 0338 2F52 0000 0000 050A 1A94 01D9 0000 0269 1317 0000 0000 0000
0000 1020 1281 0000 0000 2356 0000 0222 1526 029B 0000 0335 2F53 0000 0000 050A 1A96 01D9 0000 0269 1318 0000 0000 0000
0000 102E 1281 0000 0000 234C 0000 0224 153C 029C 0000 0329 2F56 0000 0000 0511 1A9D 01D9 0000 0265 131A 0000 0000 0000
0000 0FDB 12D3 0000 0000 2382 0000 0247 15AC 0298 0000 02B6 2F04 0000 0000 04F8 1ACB 0221 0000 0282 1364 0000 0000 0000
0000 103A 12A8 0000 0000 2352 0000 023E 15A2 02A1 0000 02E9 2F5F 0000 0000 04EE 1AB9 0200 0000 0298 1342 0000 0000 0000
0000 103D 128C 0000 0000 233C 0000 0232 155D 0298 0000 0309 2F9A 0000 0000 0510 1AB4 01DD 0000 0276 131D 0000 0000 0000
0000 1022 1277 0000 0000 2326 0000 022B 1570 029E 0000 0324 2FC0 0000 0000 050F 1AA9 01C8 0000 027E 130D 0000 0000 0000
0000 0FE2 129A 0000 0000 2336 0000 023F 15B5 02A2 0000 02E5 2F8E 0000 0000 04F0 1ABD 01E5 0000 029E 1334 0000 0000 0000
0000 1035 12A1 0000 0000 2330 0000 0240 15C3 0298 0000 02D9 2FA8 0000 0000 050A 1AC7 01E8 0000 028A 1331 0000 0000 0000
0000 1020 1282 0000 0000 232E 0000 022C 1569 0294 0000 0325 2FD7 0000 0000 0510 1AAF 01C8 0000 0281 1309 0000 0000 0000
0000 1011 1281 0000 0000 2334 0000 022B 1563 0294 0000 0327 2FCD 0000 0000 050A 1AA8 01C6 0000 0285 1309 0000 0000 0000
0000 101A 12A0 0000 0000 237B 0000 0223 1507 0284 0000 0342 2F8E 0000 0000 0502 1AAE 01E0 0000 027A 130C 0000 0000 0000
