0000 0000 12F6 0000 0000 2186 0000 051B 0D9A 0438 0000 023E 351B 0000 0000 043B 1BF3 025C 0000 00B5 144C 0000 0000 0000
0000 1024 127F 0000 0000 2357 0000 0221 1528 029D 0000 0337 2F4A 0000 0000 050A 1A92 01DA 0000 0268 1319 0000 0000 0000
0000 1024 1280 0000 0000 2357 0000 0221 152C 029D 0000 0336 2F4D 0000 0000 050A 1A94 01DC 0000 0269 131A 0000 0000 0000
0000 1027 127F 0000 0000 2355 0000 0222 152F 029E 0000 0334 2F52 0000 0000 0507 1A94 01DB 0000 026E 131A 0000 0000 0000
0000 1025 127F 0000 0000 2354 0000 0222 1532 029E 0000 0333 2F51 0000 0000 0507 1A94 01DB 0000 026E 131A 0000 0000 0000
0000 102B 127E 0000 0000 234B 0000 0224 1544 02A0 0000 0329 2F53 0000 0000 0506 1A99 01D9 0000 0270 131C 0000 0000 0000
0000 1011 12B9 0000 0000 2379 0000 023A 1582 029A 0000 02E5 2F22 0000 0000 04F0 1AB9 020C 0000 028A 134A 0000 0000 0000
0000 1041 1289 0000 0000 2329 0000 0238 1599 02A2 0000 02FB 2FAB 0000 0000 0504 1AB7 01E0 0000 028D 1326 0000 0000 0000
0000 1035 127F 0000 0000 2325 0000 022F 158C 02A0 0000 0310 2FC2 0000 0000 051A 1AB5 01D5 0000 0279 1318 0000 0000 0000
0000 1034 1284 0000 0000 232D 0000 0232 1597 029D 0000 030B 2FC0 0000 0000 0505 1AB0 01D4 0000 028F 131A 0000 0000 0000
0000 1034 129E 0000 0000 2369 0000 0227 1536 0286 0000 0334 2FAD 0000 0000 050C 1AB0 01DF 0000 027C 130E 0000 0000 0000
0000 1032 1287 0000 0000 2344 0000 0225 1535 0283 0000 0338 2FE7 0000 0000 0519 1AAB 01BF 0000 0276 12F7 0000 0000 0000
0000 1009 129C 0000 0000 2370 0000 0222 14F8 027B 0000 033E 2FA1 0000 0000 0519 1AAA 01D0 0000 0263 1300 0000 0000 0000
0000 103B 12B4 0000 0000 23A1 0000 021E 14D9 0271 0000 0339 2F58 0000 0000 0521 1AAE 01E9 0000 024E 130D 0000 0000 0000
0000 102F 12B5 0000 0000 2374 0000 0232 1549 0284 0000 0309 2F92 0000 0000 0516 1AC2 01F6 0000 0271 1324 0000 0000 0000
0000 101C 1283 0000 0000 2337 0000 022C 156F 029B 0000 0323 2FBE 0000 0000 0509 1AAD 01D3 0000 0286 1313 0000 0000 0000
