0000 0000 12F8 0000 0000 218C 0000 0518 0D90 0436 0000 0246 351A 0000 0000 043D 1BF1 025B 0000 00B4 144A 0000 0000 0000
0000 1024 1282 0000 0000 235D 0000 021F 151E 029A 0000 033C 2F48 0000 0000 0508 1A93 01DA 0000 0268 1317 0000 0000 0000
0000 1023 1281 0000 0000 2359 0000 0220 1523 029B 0000 033A 2F4D 0000 0000 0508 1A93 01D9 0000 026A 1317 0000 0000 0000
0000 1025 1280 0000 0000 2358 0000 0221 1525 029B 0000 0339 2F53 0000 0000 0508 1A93 01D8 0000 026B 1316 0000 0000 0000
0000 1023 1281 0000 0000 2353 0000 0223 1531 029C 0000 0331 2F54 0000 0000 0506 1A96 01D8 0000 026F 1319 0000 0000 0000
0000 102F 1293 0000 0000 2360 0000 0229 1555 029D 0000 031B 2F3D 0000 0000 04FF 1AA3 01EB 0000 0278 132A 0000 0000 0000
0000 1019 12AF 0000 0000 2377 0000 0231 155D 0296 0000 0305 2F49 0000 0000 050A 1AB9 0203 0000 0273 1338 0000 0000 0000
0000 1029 128C 0000 0000 2333 0000 022E 1566 0293 0000 0315 2FC5 0000 0000 0526 1ABA 01D5 0000 0268 1312 0000 0000 0000
0000 1011 129E 0000 0000 2373 0000 021D 14E2 0273 0000 0343 2FA5 0000 0000 0534 1AAD 01CC 0000 0246 12F8 0000 0000 0000
0000 1016 1299 0000 0000 2366 0000 0225 1525 0285 0000 0339 2FAC 0000 0000 0513 1AAC 01D7 0000 0271 1308 0000 0000 0000
0000 101C 1288 0000 0000 2347 0000 0226 153D 028A 0000 0338 2FDA 0000 0000 0515 1AAA 01C8 0000 0279 12FF 0000 0000 0000
0000 103B 1294 0000 0000 2364 0000 0221 150C 027B 0000 033F 2FB7 0000 0000 051A 1AA7 01C9 0000 0269 12FA 0000 0000 0000
0000 1017 128D 0000 0000 235B 0000 0221 1530 028C 0000 0340 2FB0 0000 0000 0519 1AAA 01D4 0000 026D 1307 0000 0000 0000
0000 100E 129D 0000 0000 2352 0000 0235 1579 0295 0000 0305 2F89 0000 0000 04F0 1AB5 01E2 0000 0298 1325 0000 0000 0000
0000 1076 12BC 0000 0000 238B 0000 022C 152F 0282 0000 0311 2F4D 0000 0000 050F 1AC9 01FF 0000 0268 1328 0000 0000 0000
0000 101A 12A5 0000 0000 2372 0000 0221 1510 0287 0000 031C 2F4A 0000 0000 054F 1AC0 01EE 0000 0220 131D 0000 0000 0000
