0000 0000 12F8 0000 0000 218B 0000 0519 0D94 0437 0000 0244 351B 0000 0000 043A 1BF1 025B 0000 00B7 144A 0000 0000 0000
0000 1025 1280 0000 0000 235A 0000 0220 1524 029C 0000 033A 2F4B 0000 0000 0504 1A92 01D9 0000 026E 1317 0000 0000 0000
0000 1023 1280 0000 0000 2357 0000 0221 1527 029C 0000 0338 2F50 0000 0000 0503 1A92 01D8 0000 0270 1317 0000 0000 0000
0000 1027 1280 0000 0000 2356 0000 0221 152B 029C 0000 0338 2F52 0000 0000 0503 1A93 01D9 0000 0271 1317 0000 0000 0000
0000 1025 1281 0000 0000 2356 0000 0222 152E 029C 0000 0333 2F54 0000 0000 0506 1A95 01D9 0000 026E 1318 0000 0000 0000
0000 102E 1289 0000 0000 2355 0000 0227 154E 029E 0000 031F 2F48 0000 0000 0505 1A9F 01E2 0000 0271 1323 0000 0000 0000
0000 100B 12AA 0000 0000 2371 0000 0231 1559 0297 0000 0305 2F43 0000 0000 0504 1AB3 01FE 0000 0276 1337 0000 0000 0000
0000 1000 128F 0000 0000 232D 0000 023B 157F 029A 0000 02F4 2FB6 0000 0000 0508 1ABE 01DA 0000 0287 1322 0000 0000 0000
0000 102D 127D 0000 0000 2325 0000 0231 157F 029D 0000 031B 2FD4 0000 0000 04FB 1AB2 01C9 0000 0299 130F 0000 0000 0000
0000 101A 128A 0000 0000 2343 0000 0229 1550 028D 0000 0328 2FBC 0000 0000 050A 1AAC 01C8 0000 0280 1308 0000 0000 0000
0000 103A 12A5 0000 0000 2378 0000 0222 1510 027B 0000 033D 2FB3 0000 0000 0524 1AB7 01DF 0000 0260 1305 0000 0000 0000
0000 1009 128A 0000 0000 234C 0000 0222 151C 0283 0000 0342 2FE2 0000 0000 052F 1AAC 01C5 0000 025C 12F7 0000 0000 0000
0000 101F 12A3 0000 0000 237E 0000 021F 14DE 0274 0000 0341 2F95 0000 0000 0527 1AAD 01D5 0000 0251 12FE 0000 0000 0000
0000 1022 1290 0000 0000 2359 0000 0227 1544 028E 0000 032B 2F92 0000 0000 0509 1AA5 01D5 0000 027A 1310 0000 0000 0000
0000 1032 128F 0000 0000 233A 0000 0232 158B 0297 0000 0306 2FAA 0000 0000 050B 1AAF 01DA 0000 0284 131E 0000 0000 0000
0000 1026 128C 0000 0000 2353 0000 0226 1520 0289 0000 0335 2FA7 0000 0000 050A 1AAA 01CA 0000 0277 1304 0000 0000 0000
