0000 0000 12F6 0000 0000 2188 0000 051A 0D95 0437 0000 0242 351C 0000 0000 043D 1BF1 025B 0000 00B3 144B 0000 0000 0000
0000 1024 1281 0000 0000 2357 0000 0221 1528 029C 0000 0336 2F4D 0000 0000 0509 1A93 01DB 0000 026A 1319 0000 0000 0000
0000 1025 1281 0000 0000 2359 0000 0221 1525 029B 0000 0337 2F4E 0000 0000 050B 1A93 01DB 0000 0268 1318 0000 0000 0000
0000 1026 127E 0000 0000 2353 0000 0222 152A 029C 0000 0335 2F52 0000 0000 0507 1A92 01D7 0000 026D 1317 0000 0000 0000
0000 1024 127E 0000 0000 2352 0000 0222 152D 029D 0000 0335 2F55 0000 0000 0508 1A93 01D8 0000 026C 1317 0000 0000 0000
0000 1029 1281 0000 0000 2351 0000 0224 1539 029D 0000 032D 2F54 0000 0000 0508 1A98 01DB 0000 026E 131B 0000 0000 0000
0000 1022 12B1 0000 0000 2376 0000 0234 157B 029D 0000 02F6 2F18 0000 0000 04F8 1AB2 020A 0000 027F 1347 0000 0000 0000
0000 1040 12C1 0000 0000 2372 0000 0240 15BD 029B 0000 02D2 2F36 0000 0000 04F0 1AC3 0216 0000 0296 1353 0000 0000 0000
0000 1038 1293 0000 0000 2349 0000 0234 1572 02A1 0000 030B 2F89 0000 0000 0502 1AB2 01F1 0000 0287 132C 0000 0000 0000
0000 101B 1288 0000 0000 2334 0000 022F 154E 0295 0000 031A 2FBC 0000 0000 051C 1AB8 01D4 0000 026D 1311 0000 0000 0000
0000 1021 128F 0000 0000 2350 0000 0227 1540 028D 0000 032D 2FAB 0000 0000 0517 1AAD 01D3 0000 026F 130B 0000 0000 0000
0000 102F 12AF 0000 0000 2368 0000 0237 158A 028F 0000 02F5 2F82 0000 0000 0500 1ABB 01F6 0000 028C 1330 0000 0000 0000
0000 102F 128D 0000 0000 2342 0000 0229 1551 0287 0000 0325 2FC0 0000 0000 0513 1AAD 01C5 0000 0277 1304 0000 0000 0000
0000 102F 1288 0000 0000 234E 0000 0222 1540 028C 0000 033B 2FBE 0000 0000 051B 1AA9 01CD 0000 026E 1303 0000 0000 0000
0000 1028 1276 0000 0000 232D 0000 0227 1566 0297 0000 0330 2FCE 0000 0000 0509 1A9F 01BF 0000 0287 1303 0000 0000 0000
0000 101A 129A 0000 0000 233A 0000 023C 1585 0290 0000 02F2 2FBA 0000 0000 04F9 1ABC 01D9 0000 0298 131F 0000 0000 0000
