0000 0000 12F6 0000 0000 2188 0000 051A 0D96 0438 0000 0242 3519 0000 0000 043C 1BF1 025C 0000 00B4 144C 0000 0000 0000
0000 1024 1281 0000 0000 235A 0000 0220 151F 029B 0000 033A 2F49 0000 0000 0508 1A92 01D9 0000 0268 1317 0000 0000 0000
0000 1023 1280 0000 0000 2357 0000 0221 1529 029D 0000 0336 2F4C 0000 0000 050A 1A93 01DB 0000 0268 1319 0000 0000 0000
0000 1023 1282 0000 0000 235A 0000 0220 1523 029A 0000 0339 2F4D 0000 0000 050C 1A94 01DB 0000 0266 1318 0000 0000 0000
0000 1024 1280 0000 0000 2356 0000 0221 152B 029C 0000 0335 2F50 0000 0000 050A 1A94 01DA 0000 0269 1319 0000 0000 0000
0000 1029 1281 0000 0000 2350 0000 0223 1536 029C 0000 032E 2F57 0000 0000 050D 1A9A 01DA 0000 0268 131A 0000 0000 0000
0000 101E 12C7 0000 0000 2385 0000 0240 15A6 029B 0000 02CB 2F05 0000 0000 04EB 1ABC 021C 0000 0290 135C 0000 0000 0000
0000 1039 127B 0000 0000 2320 0000 0235 15A1 02AA 0000 0303 2F9F 0000 0000 04FF 1AA9 01DB 0000 0290 1326 0000 0000 0000
0000 1022 1282 0000 0000 231D 0000 0234 1583 02A1 0000 02FF 2FB2 0000 0000 051E 1ABC 01D7 0000 026F 131E 0000 0000 0000
0000 1025 1283 0000 0000 2324 0000 0233 1588 029C 0000 0301 2FBA 0000 0000 051A 1AB7 01D3 0000 0275 131A 0000 0000 0000
0000 100E 1288 0000 0000 233E 0000 022E 157D 029D 0000 031F 2FB0 0000 0000 04FC 1AAC 01D8 0000 0293 131A 0000 0000 0000
0000 1022 1287 0000 0000 232C 0000 0232 1591 0297 0000 030F 2FDE 0000 0000 050C 1AB3 01CE 0000 028C 1312 0000 0000 0000
0000 0FE5 129F 0000 0000 2378 0000 021F 14CC 0274 0000 034A 2FA0 0000 0000 0521 1AAC 01CB 0000 0254 12F8 0000 0000 0000
0000 1017 12B1 0000 0000 2397 0000 0220 14DF 0275 0000 0339 2F6D 0000 0000 0522 1AAF 01E7 0000 0251 130C 0000 0000 0000
0000 1034 12B8 0000 0000 237F 0000 0230 1550 0287 0000 0310 2F8A 0000 0000 0513 1AC2 0200 0000 0275 1329 0000 0000 0000
0000 101D 1284 0000 0000 232D 0000 0231 1581 029D 0000 0314 2FC4 0000 0000 050C 1AB1 01D5 0000 0285 1318 0000 0000 0000
