0000 0000 12F5 0000 0000 2186 0000 051A 0D98 043A 0000 0241 3519 0000 0000 0439 1BF2 025C 0000 00B7 144C 0000 0000 0000
0000 1026 1280 0000 0000 2357 0000 0221 1527 029D 0000 0336 2F49 0000 0000 0503 1A92 01D9 0000 026F 1319 0000 0000 0000
0000 102A 1280 0000 0000 2357 0000 0221 152A 029D 0000 0335 2F4A 0000 0000 0504 1A92 01DA 0000 026E 1319 0000 0000 0000
0000 1026 127F 0000 0000 2352 0000 0223 1534 029E 0000 0330 2F50 0000 0000 0505 1A95 01DA 0000 0270 131A 0000 0000 0000
0000 100C 1297 0000 0000 2373 0000 0224 1518 0291 0000 032E 2F48 0000 0000 0509 1AA0 01E6 0000 0269 131E 0000 0000 0000
0000 1026 129E 0000 0000 237C 0000 0220 14E8 027A 0000 033F 2F93 0000 0000 0521 1AAB 01D9 0000 0259 1303 0000 0000 0000
0000 102A 1280 0000 0000 2335 0000 0227 155D 0290 0000 0331 2FDD 0000 0000 0519 1AA8 01C5 0000 0278 1302 0000 0000 0000
0000 1025 1282 0000 0000 233F 0000 0223 1549 028D 0000 033B 2FCB 0000 0000 0519 1AA5 01C2 0000 0272 12FE 0000 0000 0000
0000 1015 1295 0000 0000 2356 0000 0229 1554 028E 0000 032F 2FB6 0000 0000 0508 1AAF 01D8 0000 0283 130F 0000 0000 0000
0000 101F 1279 0000 0000 2324 0000 0229 157A 0296 0000 032C 2FE9 0000 0000 0510 1AA9 01BE 0000 0285 1302 0000 0000 0000
0000 101E 1279 0000 0000 2332 0000 0225 155D 0294 0000 033B 2FD9 0000 0000 050D 1AA3 01BF 0000 0282 12FF 0000 0000 0000
0000 101C 1285 0000 0000 2351 0000 0221 1524 0289 0000 0344 2FB5 0000 0000 050C 1A9F 01C3 0000 0278 12FC 0000 0000 0000
0000 1016 12AB 0000 0000 2370 0000 0234 153B 0289 0000 030C 2F6B 0000 0000 04E1 1AB9 01E5 0000 029A 1322 0000 0000 0000
0000 1020 12BC 0000 0000 2392 0000 0226 14EC 027B 0000 0320 2F52 0000 0000 052F 1ACE 01F9 0000 023F 131D 0000 0000 0000
0000 100A 129F 0000 0000 236E 0000 021D 150B 0289 0000 0323 2F4A 0000 0000 055F 1AB9 01EC 0000 020F 131B 0000 0000 0000
0000 1022 127F 0000 0000 2359 0000 021F 1540 02A1 0000 0335 2F43 0000 0000 050E 1A92 01DF 0000 0266 131E 0000 0000 0000
