0000 0000 12F4 0000 0000 2186 0000 0519 0D95 043A 0000 0245 351A 0000 0000 0438 1BEF 0259 0000 00B9 144B 0000 0000 0000
0000 1023 1280 0000 0000 2358 0000 0221 1521 029B 0000 0338 2F4B 0000 0000 0507 1A93 01D8 0000 026A 1317 0000 0000 0000
0000 1025 1281 0000 0000 2357 0000 0221 1529 029D 0000 0336 2F4A 0000 0000 050D 1A96 01DC 0000 0265 1319 0000 0000 0000
0000 101A 1282 0000 0000 2352 0000 0223 153B 029E 0000 032C 2F4C 0000 0000 050E 1A9A 01DC 0000 0266 131D 0000 0000 0000
0000 0FFF 12BE 0000 0000 23A5 0000 0227 14ED 027A 0000 0323 2F3C 0000 0000 050C 1AB3 01F7 0000 0262 1321 0000 0000 0000
0000 105B 1282 0000 0000 2341 0000 0224 1549 028D 0000 0339 2FD3 0000 0000 0519 1AA8 01CA 0000 0276 1300 0000 0000 0000
0000 1017 1276 0000 0000 232A 0000 0226 1564 0295 0000 033B 2FE5 0000 0000 050E 1AA5 01BC 0000 0284 12FD 0000 0000 0000
0000 101A 1282 0000 0000 2340 0000 0225 1557 0292 0000 0339 2FC6 0000 0000 050D 1AA3 01C6 0000 027F 1304 0000 0000 0000
0000 101A 1293 0000 0000 2346 0000 022F 1576 0291 0000 031E 2FCC 0000 0000 0501 1AB3 01D6 0000 0292 1312 0000 0000 0000
0000 1035 127D 0000 0000 2335 0000 0225 1566 0294 0000 033B 2FDC 0000 0000 0512 1AA6 01C5 0000 0280 1301 0000 0000 0000
0000 101C 127C 0000 0000 2339 0000 0224 1551 0292 0000 033C 2FCE 0000 0000 050F 1AA1 01C0 0000 027E 12FF 0000 0000 0000
0000 1028 12AC 0000 0000 2392 0000 021D 14D6 0277 0000 0348 2F76 0000 0000 0522 1AB1 01E5 0000 0251 1307 0000 0000 0000
0000 100A 12B3 0000 0000 237B 0000 0221 152D 0289 0000 030A 2F32 0000 0000 057D 1AC2 0206 0000 01F2 1330 0000 0000 0000
0000 101E 1293 0000 0000 2362 0000 0220 1542 029A 0000 0323 2F40 0000 0000 053D 1AAA 01F1 0000 0237 1327 0000 0000 0000
0000 1027 127A 0000 0000 2354 0000 0220 154E 02A6 0000 0335 2F3E 0000 0000 04FA 1A8E 01DB 0000 027B 131F 0000 0000 0000
0000 1025 1279 0000 0000 2354 0000 021F 154D 02A6 0000 0336 2F3D 0000 0000 04FD 1A8D 01DB 0000 0277 131F 0000 0000 0000
