0000 0000 12F7 0000 0000 218B 0000 0518 0D91 0437 0000 0246 351C 0000 0000 043D 1BF0 025A 0000 00B4 144A 0000 0000 0000
0000 1023 1280 0000 0000 2359 0000 0220 1523 029B 0000 033A 2F4D 0000 0000 0508 1A92 01D9 0000 026A 1317 0000 0000 0000
0000 1020 1282 0000 0000 235B 0000 0220 1520 029A 0000 033A 2F4C 0000 0000 0508 1A93 01D9 0000 026A 1317 0000 0000 0000
0000 1023 1280 0000 0000 2356 0000 0221 1527 029B 0000 0338 2F51 0000 0000 0506 1A93 01D7 0000 026D 1316 0000 0000 0000
0000 1022 127F 0000 0000 2356 0000 0220 1526 029B 0000 033A 2F54 0000 0000 050A 1A93 01D8 0000 0269 1316 0000 0000 0000
0000 1026 1282 0000 0000 2352 0000 0224 1536 029C 0000 032F 2F57 0000 0000 0509 1A99 01DA 0000 026D 131A 0000 0000 0000
0000 1013 12C3 0000 0000 238B 0000 0239 1572 0293 0000 02E5 2F0A 0000 0000 04F3 1AB7 0211 0000 0282 134D 0000 0000 0000
0000 1030 1287 0000 0000 2345 0000 022D 1569 02A2 0000 031F 2F86 0000 0000 0504 1AA3 01E6 0000 0282 1323 0000 0000 0000
0000 1027 1286 0000 0000 2333 0000 0233 155D 029D 0000 0307 2FA0 0000 0000 0515 1AB3 01DD 0000 0273 131E 0000 0000 0000
0000 0FFF 1279 0000 0000 2319 0000 0232 1569 029B 0000 0311 2FCF 0000 0000 050F 1AB3 01C1 0000 027E 130C 0000 0000 0000
0000 100D 1280 0000 0000 232A 0000 0231 1586 029D 0000 0316 2FBC 0000 0000 04FA 1AAB 01CA 0000 0296 1314 0000 0000 0000
0000 1041 1292 0000 0000 2341 0000 0230 157C 0290 0000 0312 2FC7 0000 0000 050C 1AB4 01D7 0000 0287 1314 0000 0000 0000
0000 0FED 12B4 0000 0000 239C 0000 021A 14A8 026C 0000 0355 2F82 0000 0000 0531 1AB8 01DE 0000 023D 12FD 0000 0000 0000
0000 1083 12A4 0000 0000 2390 0000 0218 14E4 0275 0000 034E 2F84 0000 0000 0527 1AA8 01E0 0000 0252 12FF 0000 0000 0000
0000 0FED 12A7 0000 0000 234C 0000 023B 15A0 029B 0000 02F4 2FA9 0000 0000 050C 1AC3 01F7 0000 0288 1333 0000 0000 0000
0000 1010 1283 0000 0000 2327 0000 0232 157E 0299 0000 0314 2FD7 0000 0000 050C 1AB2 01CD 0000 0287 1311 0000 0000 0000
