0000 0000 1304 0000 0000 2187 0000 0524 0DC4 0439 0000 021D 350F 0000 0000 0439 1C06 026A 0000 00B7 145A 0000 0000 0000
0000 102E 1278 0000 0000 2346 0000 0226 155D 02A9 0000 0325 2F3B 0000 0000 04F4 1A93 01D9 0000 0281 1323 0000 0000 0000
0000 102F 127B 0000 0000 2348 0000 0224 1546 02A2 0000 0328 2F45 0000 0000 0500 1A93 01D7 0000 0274 131E 0000 0000 0000
0000 1029 127D 0000 0000 234D 0000 0223 1531 029E 0000 0330 2F4E 0000 0000 0508 1A94 01D6 0000 026B 1319 0000 0000 0000
0000 1029 127D 0000 0000 234F 0000 0222 152F 029D 0000 0332 2F52 0000 0000 0509 1A95 01D7 0000 026A 1318 0000 0000 0000
0000 1029 127B 0000 0000 234B 0000 0223 1535 029F 0000 032F 2F55 0000 0000 050A 1A95 01D6 0000 026B 1318 0000 0000 0000
0000 1029 127C 0000 0000 2348 0000 0224 153D 02A0 0000 032A 2F53 0000 0000 0508 1A96 01D6 0000 026D 131A 0000 0000 0000
0000 101C 12AA 0000 0000 236D 0000 0232 156C 029D 0000 02FC 2F25 0000 0000 0504 1AB4 0203 0000 0272 1340 0000 0000 0000
0000 1050 12B6 0000 0000 235C 0000 023F 15BD 029C 0000 02CE 2F47 0000 0000 0505 1AC4 020C 0000 0282 134C 0000 0000 0000
0000 102A 1298 0000 0000 2351 0000 0232 154F 0299 0000 030D 2F7B 0000 0000 0510 1AB2 01EF 0000 0271 1328 0000 0000 0000
0000 1021 1279 0000 0000 2325 0000 022C 1556 029B 0000 031A 2FB0 0000 0000 0517 1AAD 01C8 0000 026F 130E 0000 0000 0000
0000 1024 1276 0000 0000 2323 0000 022C 157C 02A0 0000 031B 2FAE 0000 0000 050B 1AA8 01C8 0000 0280 1312 0000 0000 0000
0000 1009 127B 0000 0000 232A 0000 0233 1598 02AA 0000 0311 2F9C 0000 0000 04E7 1AA8 01D4 0000 02A5 1321 0000 0000 0000
0000 1043 1286 0000 0000 2334 0000 0233 1580 029B 0000 0308 2F99 0000 0000 04F0 1AB3 01D1 0000 0299 131B 0000 0000 0000
0000 1036 1295 0000 0000 2359 0000 0227 152A 0284 0000 0319 2F77 0000 0000 051A 1AAE 01CE 0000 025F 130D 0000 0000 0000
0000 1043 1296 0000 0000 236D 0000 0220 151C 0289 0000 0337 2F7D 0000 0000 051E 1AAA 01E0 0000 025E 130F 0000 0000 0000
