0000 0000 12F5 0000 0000 2186 0000 051B 0D96 0439 0000 0240 3519 0000 0000 043B 1BF2 025C 0000 00B4 144C 0000 0000 0000
0000 1023 1282 0000 0000 235C 0000 0220 151E 029B 0000 033A 2F46 0000 0000 050B 1A92 01DB 0000 0265 1318 0000 0000 0000
0000 1023 127F 0000 0000 2357 0000 0221 1528 029E 0000 0337 2F49 0000 0000 0509 1A92 01DB 0000 0269 131A 0000 0000 0000
0000 1022 127F 0000 0000 2356 0000 0221 152C 029E 0000 0336 2F4C 0000 0000 0506 1A93 01DB 0000 026D 131A 0000 0000 0000
0000 1022 127F 0000 0000 2351 0000 0224 1537 029E 0000 032F 2F51 0000 0000 0505 1A95 01D9 0000 0270 131B 0000 0000 0000
0000 1020 1292 0000 0000 2360 0000 0229 1551 029E 0000 031E 2F3F 0000 0000 04F8 1AA2 01EA 0000 027E 132A 0000 0000 0000
0000 1051 12B7 0000 0000 237E 0000 0230 1552 028B 0000 02FB 2F3A 0000 0000 0511 1ABE 0202 0000 0267 1335 0000 0000 0000
0000 102D 1282 0000 0000 2331 0000 0229 155E 0293 0000 032B 2FD7 0000 0000 0520 1AB2 01C9 0000 0270 1306 0000 0000 0000
0000 100D 1286 0000 0000 2345 0000 0224 153C 028E 0000 033F 2FC4 0000 0000 0517 1AA9 01C8 0000 0271 1302 0000 0000 0000
0000 101C 128C 0000 0000 2344 0000 022B 1561 0290 0000 0324 2FC8 0000 0000 050E 1AAF 01D0 0000 0282 130C 0000 0000 0000
0000 100D 1281 0000 0000 233B 0000 0225 1539 028A 0000 033E 2FE8 0000 0000 0519 1AA7 01BE 0000 0275 12F9 0000 0000 0000
0000 1025 129E 0000 0000 2374 0000 021F 14F0 0278 0000 0343 2FA2 0000 0000 0528 1AAC 01D4 0000 0254 12FE 0000 0000 0000
0000 1022 1281 0000 0000 2346 0000 0224 1553 0294 0000 0337 2FB7 0000 0000 050D 1AA2 01CC 0000 027D 1308 0000 0000 0000
0000 100C 12A5 0000 0000 236C 0000 0229 152C 0283 0000 0325 2FA0 0000 0000 0523 1AB8 01E3 0000 0260 1313 0000 0000 0000
0000 0FB9 12BD 0000 0000 23A8 0000 021B 14AB 0270 0000 0348 2F73 0000 0000 054A 1AC2 01F1 0000 0223 130B 0000 0000 0000
0000 1079 128F 0000 0000 2370 0000 0220 151D 028E 0000 0331 2F47 0000 0000 0504 1A9B 01DF 0000 026F 1315 0000 0000 0000
