0000 0000 1305 0000 0000 218F 0000 0523 0DBF 043A 0000 0226 3511 0000 0000 042D 1C00 026C 0000 00C6 145C 0000 0000 0000
0000 1028 127F 0000 0000 2352 0000 0225 1542 02A2 0000 032D 2F42 0000 0000 04F6 1A93 01DB 0000 027E 131F 0000 0000 0000
0000 102A 127F 0000 0000 2354 0000 0222 152C 029D 0000 0336 2F4F 0000 0000 0503 1A93 01D8 0000 0270 1318 0000 0000 0000
0000 1025 1280 0000 0000 2355 0000 0221 1526 029B 0000 0338 2F53 0000 0000 0508 1A94 01D8 0000 026B 1317 0000 0000 0000
0000 1022 1282 0000 0000 2358 0000 0221 1522 029A 0000 033A 2F55 0000 0000 0509 1A95 01DA 0000 026A 1316 0000 0000 0000
0000 1027 1281 0000 0000 2357 0000 0221 1524 029A 0000 0338 2F56 0000 0000 0508 1A95 01D9 0000 026C 1316 0000 0000 0000
0000 102B 1280 0000 0000 234C 0000 0224 153C 029E 0000 032B 2F58 0000 0000 050A 1A9A 01D9 0000 026C 131B 0000 0000 0000
0000 102C 12C9 0000 0000 2382 0000 0242 1593 0296 0000 02CA 2F0D 0000 0000 04E9 1AC2 0219 0000 0291 1358 0000 0000 0000
0000 106C 12AC 0000 0000 2357 0000 023A 15A1 029A 0000 02ED 2F5F 0000 0000 04FC 1ABD 01FF 0000 028B 133C 0000 0000 0000
0000 104C 1293 0000 0000 234B 0000 022F 1556 0297 0000 0311 2F89 0000 0000 0514 1AB1 01E8 0000 0270 1321 0000 0000 0000
0000 1017 127D 0000 0000 232D 0000 022B 155E 029A 0000 0321 2FB8 0000 0000 051D 1AAD 01CD 0000 026D 130F 0000 0000 0000
0000 1015 1283 0000 0000 2336 0000 022E 157F 02A0 0000 031D 2FA6 0000 0000 04FF 1AA9 01D5 0000 028D 131A 0000 0000 0000
0000 1004 1294 0000 0000 2331 0000 0240 15B4 02A3 0000 02EA 2F9C 0000 0000 04DD 1ABE 01E0 0000 02B4 132F 0000 0000 0000
0000 1061 1294 0000 0000 2346 0000 022D 155C 0289 0000 0314 2FAB 0000 0000 0510 1AB6 01D2 0000 0279 130F 0000 0000 0000
0000 101C 128C 0000 0000 2357 0000 0224 1527 028A 0000 033A 2FA4 0000 0000 0509 1AA5 01CD 0000 0279 1305 0000 0000 0000
0000 1049 12AE 0000 0000 238B 0000 0223 1507 0277 0000 0320 2F5D 0000 0000 0521 1AB1 01E4 0000 0253 1312 0000 0000 0000
