Feature map now = 0
Before shuffle
Left :  [0, 1, 2, 3, 4, 5, 6, 7, 8, 9, 10, 11, 12, 13, 14, 15, 16, 17, 18, 19, 20, 21, 22, 23]
Right:  [24, 25, 26, 27, 28, 29, 30, 31, 32, 33, 34, 35, 36, 37, 38, 39, 40, 41, 42, 43, 44, 45, 46, 47]
After shuffle
Left :  [0, 24, 1, 25, 2, 26, 3, 27, 4, 28, 5, 29, 6, 30, 7, 31, 8, 32, 9, 33, 10, 34, 11, 35]
Right:  [12, 36, 13, 37, 14, 38, 15, 39, 16, 40, 17, 41, 18, 42, 19, 43, 20, 44, 21, 45, 22, 46, 23, 47]



Feature map now = 1
Before shuffle
Left :  [0, 24, 1, 25, 2, 26, 3, 27, 4, 28, 5, 29, 6, 30, 7, 31, 8, 32, 9, 33, 10, 34, 11, 35]
Right:  [12, 36, 13, 37, 14, 38, 15, 39, 16, 40, 17, 41, 18, 42, 19, 43, 20, 44, 21, 45, 22, 46, 23, 47]
After shuffle
Left :  [0, 12, 24, 36, 1, 13, 25, 37, 2, 14, 26, 38, 3, 15, 27, 39, 4, 16, 28, 40, 5, 17, 29, 41]
Right:  [6, 18, 30, 42, 7, 19, 31, 43, 8, 20, 32, 44, 9, 21, 33, 45, 10, 22, 34, 46, 11, 23, 35, 47]



Feature map now = 2
Before shuffle
Left :  [0, 12, 24, 36, 1, 13, 25, 37, 2, 14, 26, 38, 3, 15, 27, 39, 4, 16, 28, 40, 5, 17, 29, 41]
Right:  [6, 18, 30, 42, 7, 19, 31, 43, 8, 20, 32, 44, 9, 21, 33, 45, 10, 22, 34, 46, 11, 23, 35, 47]
After shuffle
Left :  [0, 6, 12, 18, 24, 30, 36, 42, 1, 7, 13, 19, 25, 31, 37, 43, 2, 8, 14, 20, 26, 32, 38, 44]
Right:  [3, 9, 15, 21, 27, 33, 39, 45, 4, 10, 16, 22, 28, 34, 40, 46, 5, 11, 17, 23, 29, 35, 41, 47]



Feature map now = 3
Before shuffle
Left :  [0, 6, 12, 18, 24, 30, 36, 42, 1, 7, 13, 19, 25, 31, 37, 43, 2, 8, 14, 20, 26, 32, 38, 44]
Right:  [3, 9, 15, 21, 27, 33, 39, 45, 4, 10, 16, 22, 28, 34, 40, 46, 5, 11, 17, 23, 29, 35, 41, 47]
After shuffle
Left :  [0, 3, 6, 9, 12, 15, 18, 21, 24, 27, 30, 33, 36, 39, 42, 45, 1, 4, 7, 10, 13, 16, 19, 22]
Right:  [25, 28, 31, 34, 37, 40, 43, 46, 2, 5, 8, 11, 14, 17, 20, 23, 26, 29, 32, 35, 38, 41, 44, 47]



Feature map now = 4
Before shuffle
Left :  [0, 1, 2, 3, 4, 5, 6, 7, 8, 9, 10, 11, 12, 13, 14, 15, 16, 17, 18, 19, 20, 21, 22, 23, 24, 25, 26, 27, 28, 29, 30, 31, 32, 33, 34, 35, 36, 37, 38, 39, 40, 41, 42, 43, 44, 45, 46, 47]
Right:  [48, 49, 50, 51, 52, 53, 54, 55, 56, 57, 58, 59, 60, 61, 62, 63, 64, 65, 66, 67, 68, 69, 70, 71, 72, 73, 74, 75, 76, 77, 78, 79, 80, 81, 82, 83, 84, 85, 86, 87, 88, 89, 90, 91, 92, 93, 94, 95]
After shuffle
Left :  [0, 48, 1, 49, 2, 50, 3, 51, 4, 52, 5, 53, 6, 54, 7, 55, 8, 56, 9, 57, 10, 58, 11, 59, 12, 60, 13, 61, 14, 62, 15, 63, 16, 64, 17, 65, 18, 66, 19, 67, 20, 68, 21, 69, 22, 70, 23, 71]
Right:  [24, 72, 25, 73, 26, 74, 27, 75, 28, 76, 29, 77, 30, 78, 31, 79, 32, 80, 33, 81, 34, 82, 35, 83, 36, 84, 37, 85, 38, 86, 39, 87, 40, 88, 41, 89, 42, 90, 43, 91, 44, 92, 45, 93, 46, 94, 47, 95]



Feature map now = 5
Before shuffle
Left :  [0, 48, 1, 49, 2, 50, 3, 51, 4, 52, 5, 53, 6, 54, 7, 55, 8, 56, 9, 57, 10, 58, 11, 59, 12, 60, 13, 61, 14, 62, 15, 63, 16, 64, 17, 65, 18, 66, 19, 67, 20, 68, 21, 69, 22, 70, 23, 71]
Right:  [24, 72, 25, 73, 26, 74, 27, 75, 28, 76, 29, 77, 30, 78, 31, 79, 32, 80, 33, 81, 34, 82, 35, 83, 36, 84, 37, 85, 38, 86, 39, 87, 40, 88, 41, 89, 42, 90, 43, 91, 44, 92, 45, 93, 46, 94, 47, 95]
After shuffle
Left :  [0, 24, 48, 72, 1, 25, 49, 73, 2, 26, 50, 74, 3, 27, 51, 75, 4, 28, 52, 76, 5, 29, 53, 77, 6, 30, 54, 78, 7, 31, 55, 79, 8, 32, 56, 80, 9, 33, 57, 81, 10, 34, 58, 82, 11, 35, 59, 83]
Right:  [12, 36, 60, 84, 13, 37, 61, 85, 14, 38, 62, 86, 15, 39, 63, 87, 16, 40, 64, 88, 17, 41, 65, 89, 18, 42, 66, 90, 19, 43, 67, 91, 20, 44, 68, 92, 21, 45, 69, 93, 22, 46, 70, 94, 23, 47, 71, 95]



Feature map now = 6
Before shuffle
Left :  [0, 24, 48, 72, 1, 25, 49, 73, 2, 26, 50, 74, 3, 27, 51, 75, 4, 28, 52, 76, 5, 29, 53, 77, 6, 30, 54, 78, 7, 31, 55, 79, 8, 32, 56, 80, 9, 33, 57, 81, 10, 34, 58, 82, 11, 35, 59, 83]
Right:  [12, 36, 60, 84, 13, 37, 61, 85, 14, 38, 62, 86, 15, 39, 63, 87, 16, 40, 64, 88, 17, 41, 65, 89, 18, 42, 66, 90, 19, 43, 67, 91, 20, 44, 68, 92, 21, 45, 69, 93, 22, 46, 70, 94, 23, 47, 71, 95]
After shuffle
Left :  [0, 12, 24, 36, 48, 60, 72, 84, 1, 13, 25, 37, 49, 61, 73, 85, 2, 14, 26, 38, 50, 62, 74, 86, 3, 15, 27, 39, 51, 63, 75, 87, 4, 16, 28, 40, 52, 64, 76, 88, 5, 17, 29, 41, 53, 65, 77, 89]
Right:  [6, 18, 30, 42, 54, 66, 78, 90, 7, 19, 31, 43, 55, 67, 79, 91, 8, 20, 32, 44, 56, 68, 80, 92, 9, 21, 33, 45, 57, 69, 81, 93, 10, 22, 34, 46, 58, 70, 82, 94, 11, 23, 35, 47, 59, 71, 83, 95]



Feature map now = 7
Before shuffle
Left :  [0, 12, 24, 36, 48, 60, 72, 84, 1, 13, 25, 37, 49, 61, 73, 85, 2, 14, 26, 38, 50, 62, 74, 86, 3, 15, 27, 39, 51, 63, 75, 87, 4, 16, 28, 40, 52, 64, 76, 88, 5, 17, 29, 41, 53, 65, 77, 89]
Right:  [6, 18, 30, 42, 54, 66, 78, 90, 7, 19, 31, 43, 55, 67, 79, 91, 8, 20, 32, 44, 56, 68, 80, 92, 9, 21, 33, 45, 57, 69, 81, 93, 10, 22, 34, 46, 58, 70, 82, 94, 11, 23, 35, 47, 59, 71, 83, 95]
After shuffle
Left :  [0, 6, 12, 18, 24, 30, 36, 42, 48, 54, 60, 66, 72, 78, 84, 90, 1, 7, 13, 19, 25, 31, 37, 43, 49, 55, 61, 67, 73, 79, 85, 91, 2, 8, 14, 20, 26, 32, 38, 44, 50, 56, 62, 68, 74, 80, 86, 92]
Right:  [3, 9, 15, 21, 27, 33, 39, 45, 51, 57, 63, 69, 75, 81, 87, 93, 4, 10, 16, 22, 28, 34, 40, 46, 52, 58, 64, 70, 76, 82, 88, 94, 5, 11, 17, 23, 29, 35, 41, 47, 53, 59, 65, 71, 77, 83, 89, 95]



Feature map now = 8
Before shuffle
Left :  [0, 6, 12, 18, 24, 30, 36, 42, 48, 54, 60, 66, 72, 78, 84, 90, 1, 7, 13, 19, 25, 31, 37, 43, 49, 55, 61, 67, 73, 79, 85, 91, 2, 8, 14, 20, 26, 32, 38, 44, 50, 56, 62, 68, 74, 80, 86, 92]
Right:  [3, 9, 15, 21, 27, 33, 39, 45, 51, 57, 63, 69, 75, 81, 87, 93, 4, 10, 16, 22, 28, 34, 40, 46, 52, 58, 64, 70, 76, 82, 88, 94, 5, 11, 17, 23, 29, 35, 41, 47, 53, 59, 65, 71, 77, 83, 89, 95]
After shuffle
Left :  [0, 3, 6, 9, 12, 15, 18, 21, 24, 27, 30, 33, 36, 39, 42, 45, 48, 51, 54, 57, 60, 63, 66, 69, 72, 75, 78, 81, 84, 87, 90, 93, 1, 4, 7, 10, 13, 16, 19, 22, 25, 28, 31, 34, 37, 40, 43, 46]
Right:  [49, 52, 55, 58, 61, 64, 67, 70, 73, 76, 79, 82, 85, 88, 91, 94, 2, 5, 8, 11, 14, 17, 20, 23, 26, 29, 32, 35, 38, 41, 44, 47, 50, 53, 56, 59, 62, 65, 68, 71, 74, 77, 80, 83, 86, 89, 92, 95]



Feature map now = 9
Before shuffle
Left :  [0, 3, 6, 9, 12, 15, 18, 21, 24, 27, 30, 33, 36, 39, 42, 45, 48, 51, 54, 57, 60, 63, 66, 69, 72, 75, 78, 81, 84, 87, 90, 93, 1, 4, 7, 10, 13, 16, 19, 22, 25, 28, 31, 34, 37, 40, 43, 46]
Right:  [49, 52, 55, 58, 61, 64, 67, 70, 73, 76, 79, 82, 85, 88, 91, 94, 2, 5, 8, 11, 14, 17, 20, 23, 26, 29, 32, 35, 38, 41, 44, 47, 50, 53, 56, 59, 62, 65, 68, 71, 74, 77, 80, 83, 86, 89, 92, 95]
After shuffle
Left :  [0, 49, 3, 52, 6, 55, 9, 58, 12, 61, 15, 64, 18, 67, 21, 70, 24, 73, 27, 76, 30, 79, 33, 82, 36, 85, 39, 88, 42, 91, 45, 94, 48, 2, 51, 5, 54, 8, 57, 11, 60, 14, 63, 17, 66, 20, 69, 23]
Right:  [72, 26, 75, 29, 78, 32, 81, 35, 84, 38, 87, 41, 90, 44, 93, 47, 1, 50, 4, 53, 7, 56, 10, 59, 13, 62, 16, 65, 19, 68, 22, 71, 25, 74, 28, 77, 31, 80, 34, 83, 37, 86, 40, 89, 43, 92, 46, 95]



Feature map now = 10
Before shuffle
Left :  [0, 49, 3, 52, 6, 55, 9, 58, 12, 61, 15, 64, 18, 67, 21, 70, 24, 73, 27, 76, 30, 79, 33, 82, 36, 85, 39, 88, 42, 91, 45, 94, 48, 2, 51, 5, 54, 8, 57, 11, 60, 14, 63, 17, 66, 20, 69, 23]
Right:  [72, 26, 75, 29, 78, 32, 81, 35, 84, 38, 87, 41, 90, 44, 93, 47, 1, 50, 4, 53, 7, 56, 10, 59, 13, 62, 16, 65, 19, 68, 22, 71, 25, 74, 28, 77, 31, 80, 34, 83, 37, 86, 40, 89, 43, 92, 46, 95]
After shuffle
Left :  [0, 72, 49, 26, 3, 75, 52, 29, 6, 78, 55, 32, 9, 81, 58, 35, 12, 84, 61, 38, 15, 87, 64, 41, 18, 90, 67, 44, 21, 93, 70, 47, 24, 1, 73, 50, 27, 4, 76, 53, 30, 7, 79, 56, 33, 10, 82, 59]
Right:  [36, 13, 85, 62, 39, 16, 88, 65, 42, 19, 91, 68, 45, 22, 94, 71, 48, 25, 2, 74, 51, 28, 5, 77, 54, 31, 8, 80, 57, 34, 11, 83, 60, 37, 14, 86, 63, 40, 17, 89, 66, 43, 20, 92, 69, 46, 23, 95]



Feature map now = 11
Before shuffle
Left :  [0, 72, 49, 26, 3, 75, 52, 29, 6, 78, 55, 32, 9, 81, 58, 35, 12, 84, 61, 38, 15, 87, 64, 41, 18, 90, 67, 44, 21, 93, 70, 47, 24, 1, 73, 50, 27, 4, 76, 53, 30, 7, 79, 56, 33, 10, 82, 59]
Right:  [36, 13, 85, 62, 39, 16, 88, 65, 42, 19, 91, 68, 45, 22, 94, 71, 48, 25, 2, 74, 51, 28, 5, 77, 54, 31, 8, 80, 57, 34, 11, 83, 60, 37, 14, 86, 63, 40, 17, 89, 66, 43, 20, 92, 69, 46, 23, 95]
After shuffle
Left :  [0, 36, 72, 13, 49, 85, 26, 62, 3, 39, 75, 16, 52, 88, 29, 65, 6, 42, 78, 19, 55, 91, 32, 68, 9, 45, 81, 22, 58, 94, 35, 71, 12, 48, 84, 25, 61, 2, 38, 74, 15, 51, 87, 28, 64, 5, 41, 77]
Right:  [18, 54, 90, 31, 67, 8, 44, 80, 21, 57, 93, 34, 70, 11, 47, 83, 24, 60, 1, 37, 73, 14, 50, 86, 27, 63, 4, 40, 76, 17, 53, 89, 30, 66, 7, 43, 79, 20, 56, 92, 33, 69, 10, 46, 82, 23, 59, 95]



Feature map now = 12
Before shuffle
Left :  [0, 1, 2, 3, 4, 5, 6, 7, 8, 9, 10, 11, 12, 13, 14, 15, 16, 17, 18, 19, 20, 21, 22, 23, 24, 25, 26, 27, 28, 29, 30, 31, 32, 33, 34, 35, 36, 37, 38, 39, 40, 41, 42, 43, 44, 45, 46, 47, 48, 49, 50, 51, 52, 53, 54, 55, 56, 57, 58, 59, 60, 61, 62, 63, 64, 65, 66, 67, 68, 69, 70, 71, 72, 73, 74, 75, 76, 77, 78, 79, 80, 81, 82, 83, 84, 85, 86, 87, 88, 89, 90, 91, 92, 93, 94, 95]
Right:  [96, 97, 98, 99, 100, 101, 102, 103, 104, 105, 106, 107, 108, 109, 110, 111, 112, 113, 114, 115, 116, 117, 118, 119, 120, 121, 122, 123, 124, 125, 126, 127, 128, 129, 130, 131, 132, 133, 134, 135, 136, 137, 138, 139, 140, 141, 142, 143, 144, 145, 146, 147, 148, 149, 150, 151, 152, 153, 154, 155, 156, 157, 158, 159, 160, 161, 162, 163, 164, 165, 166, 167, 168, 169, 170, 171, 172, 173, 174, 175, 176, 177, 178, 179, 180, 181, 182, 183, 184, 185, 186, 187, 188, 189, 190, 191]
After shuffle
Left :  [0, 96, 1, 97, 2, 98, 3, 99, 4, 100, 5, 101, 6, 102, 7, 103, 8, 104, 9, 105, 10, 106, 11, 107, 12, 108, 13, 109, 14, 110, 15, 111, 16, 112, 17, 113, 18, 114, 19, 115, 20, 116, 21, 117, 22, 118, 23, 119, 24, 120, 25, 121, 26, 122, 27, 123, 28, 124, 29, 125, 30, 126, 31, 127, 32, 128, 33, 129, 34, 130, 35, 131, 36, 132, 37, 133, 38, 134, 39, 135, 40, 136, 41, 137, 42, 138, 43, 139, 44, 140, 45, 141, 46, 142, 47, 143]
Right:  [48, 144, 49, 145, 50, 146, 51, 147, 52, 148, 53, 149, 54, 150, 55, 151, 56, 152, 57, 153, 58, 154, 59, 155, 60, 156, 61, 157, 62, 158, 63, 159, 64, 160, 65, 161, 66, 162, 67, 163, 68, 164, 69, 165, 70, 166, 71, 167, 72, 168, 73, 169, 74, 170, 75, 171, 76, 172, 77, 173, 78, 174, 79, 175, 80, 176, 81, 177, 82, 178, 83, 179, 84, 180, 85, 181, 86, 182, 87, 183, 88, 184, 89, 185, 90, 186, 91, 187, 92, 188, 93, 189, 94, 190, 95, 191]



Feature map now = 13
Before shuffle
Left :  [0, 96, 1, 97, 2, 98, 3, 99, 4, 100, 5, 101, 6, 102, 7, 103, 8, 104, 9, 105, 10, 106, 11, 107, 12, 108, 13, 109, 14, 110, 15, 111, 16, 112, 17, 113, 18, 114, 19, 115, 20, 116, 21, 117, 22, 118, 23, 119, 24, 120, 25, 121, 26, 122, 27, 123, 28, 124, 29, 125, 30, 126, 31, 127, 32, 128, 33, 129, 34, 130, 35, 131, 36, 132, 37, 133, 38, 134, 39, 135, 40, 136, 41, 137, 42, 138, 43, 139, 44, 140, 45, 141, 46, 142, 47, 143]
Right:  [48, 144, 49, 145, 50, 146, 51, 147, 52, 148, 53, 149, 54, 150, 55, 151, 56, 152, 57, 153, 58, 154, 59, 155, 60, 156, 61, 157, 62, 158, 63, 159, 64, 160, 65, 161, 66, 162, 67, 163, 68, 164, 69, 165, 70, 166, 71, 167, 72, 168, 73, 169, 74, 170, 75, 171, 76, 172, 77, 173, 78, 174, 79, 175, 80, 176, 81, 177, 82, 178, 83, 179, 84, 180, 85, 181, 86, 182, 87, 183, 88, 184, 89, 185, 90, 186, 91, 187, 92, 188, 93, 189, 94, 190, 95, 191]
After shuffle
Left :  [0, 48, 96, 144, 1, 49, 97, 145, 2, 50, 98, 146, 3, 51, 99, 147, 4, 52, 100, 148, 5, 53, 101, 149, 6, 54, 102, 150, 7, 55, 103, 151, 8, 56, 104, 152, 9, 57, 105, 153, 10, 58, 106, 154, 11, 59, 107, 155, 12, 60, 108, 156, 13, 61, 109, 157, 14, 62, 110, 158, 15, 63, 111, 159, 16, 64, 112, 160, 17, 65, 113, 161, 18, 66, 114, 162, 19, 67, 115, 163, 20, 68, 116, 164, 21, 69, 117, 165, 22, 70, 118, 166, 23, 71, 119, 167]
Right:  [24, 72, 120, 168, 25, 73, 121, 169, 26, 74, 122, 170, 27, 75, 123, 171, 28, 76, 124, 172, 29, 77, 125, 173, 30, 78, 126, 174, 31, 79, 127, 175, 32, 80, 128, 176, 33, 81, 129, 177, 34, 82, 130, 178, 35, 83, 131, 179, 36, 84, 132, 180, 37, 85, 133, 181, 38, 86, 134, 182, 39, 87, 135, 183, 40, 88, 136, 184, 41, 89, 137, 185, 42, 90, 138, 186, 43, 91, 139, 187, 44, 92, 140, 188, 45, 93, 141, 189, 46, 94, 142, 190, 47, 95, 143, 191]



Feature map now = 14
Before shuffle
Left :  [0, 48, 96, 144, 1, 49, 97, 145, 2, 50, 98, 146, 3, 51, 99, 147, 4, 52, 100, 148, 5, 53, 101, 149, 6, 54, 102, 150, 7, 55, 103, 151, 8, 56, 104, 152, 9, 57, 105, 153, 10, 58, 106, 154, 11, 59, 107, 155, 12, 60, 108, 156, 13, 61, 109, 157, 14, 62, 110, 158, 15, 63, 111, 159, 16, 64, 112, 160, 17, 65, 113, 161, 18, 66, 114, 162, 19, 67, 115, 163, 20, 68, 116, 164, 21, 69, 117, 165, 22, 70, 118, 166, 23, 71, 119, 167]
Right:  [24, 72, 120, 168, 25, 73, 121, 169, 26, 74, 122, 170, 27, 75, 123, 171, 28, 76, 124, 172, 29, 77, 125, 173, 30, 78, 126, 174, 31, 79, 127, 175, 32, 80, 128, 176, 33, 81, 129, 177, 34, 82, 130, 178, 35, 83, 131, 179, 36, 84, 132, 180, 37, 85, 133, 181, 38, 86, 134, 182, 39, 87, 135, 183, 40, 88, 136, 184, 41, 89, 137, 185, 42, 90, 138, 186, 43, 91, 139, 187, 44, 92, 140, 188, 45, 93, 141, 189, 46, 94, 142, 190, 47, 95, 143, 191]
After shuffle
Left :  [0, 24, 48, 72, 96, 120, 144, 168, 1, 25, 49, 73, 97, 121, 145, 169, 2, 26, 50, 74, 98, 122, 146, 170, 3, 27, 51, 75, 99, 123, 147, 171, 4, 28, 52, 76, 100, 124, 148, 172, 5, 29, 53, 77, 101, 125, 149, 173, 6, 30, 54, 78, 102, 126, 150, 174, 7, 31, 55, 79, 103, 127, 151, 175, 8, 32, 56, 80, 104, 128, 152, 176, 9, 33, 57, 81, 105, 129, 153, 177, 10, 34, 58, 82, 106, 130, 154, 178, 11, 35, 59, 83, 107, 131, 155, 179]
Right:  [12, 36, 60, 84, 108, 132, 156, 180, 13, 37, 61, 85, 109, 133, 157, 181, 14, 38, 62, 86, 110, 134, 158, 182, 15, 39, 63, 87, 111, 135, 159, 183, 16, 40, 64, 88, 112, 136, 160, 184, 17, 41, 65, 89, 113, 137, 161, 185, 18, 42, 66, 90, 114, 138, 162, 186, 19, 43, 67, 91, 115, 139, 163, 187, 20, 44, 68, 92, 116, 140, 164, 188, 21, 45, 69, 93, 117, 141, 165, 189, 22, 46, 70, 94, 118, 142, 166, 190, 23, 47, 71, 95, 119, 143, 167, 191]



