1BBB 035B 0000 2275 09AA 0755 094B 0000 0000 0000 0000 13D1 7FFF 0000 0000 084A 0000 0B11 0000 0163 011B 0000 0000 0064
1907 048C 0000 5382 09D9 06E3 0859 0000 0000 0000 0000 16C4 7FFF 0000 0000 067F 0000 0E1C 0000 0285 0348 0000 0000 0133
18F5 048E 0000 538C 09D9 06E5 0865 0000 0000 0000 0000 16CC 7FFF 0000 0000 067C 0000 0E0D 0000 0281 035A 0000 0000 013B
18F1 048D 0000 5387 09D9 06E6 0867 0000 0000 0000 0000 16CE 7FFF 0000 0000 067A 0000 0E02 0000 027E 035E 0000 0000 013F
18F1 0491 0000 5385 09D9 06E7 0866 0000 0000 0000 0000 16D0 7FFF 0000 0000 067A 0000 0E00 0000 027D 035D 0000 0000 0140
18F0 0490 0000 5383 09D9 06E6 0866 0000 0000 0000 0000 16CE 7FFF 0000 0000 067A 0000 0E01 0000 027D 035E 0000 0000 013E
18F1 048C 0000 5384 09D9 06E5 0866 0000 0000 0000 0000 16CC 7FFF 0000 0000 067B 0000 0E03 0000 027E 035E 0000 0000 013E
18F6 04BF 0000 5382 09D8 06F5 086E 0000 0000 0000 0000 16D7 7FFF 0000 0000 0680 0000 0E1A 0000 027E 0347 0000 0000 012A
18E1 04E4 0000 53A2 09D8 0702 0880 0000 0000 0000 0000 16E1 7FFF 0000 0000 0681 0000 0E28 0000 0277 0358 0000 0000 011F
18C3 04CC 0000 5393 09D8 06F4 0884 0000 0000 0000 0000 16E2 7FFF 0000 0000 067B 0000 0DF4 0000 0275 038A 0000 0000 0143
18E6 0490 0000 5391 09D8 06E9 0865 0000 0000 0000 0000 16CF 7FFF 0000 0000 067A 0000 0DF6 0000 0274 035F 0000 0000 013F
18FE 048D 0000 5381 09D8 06E7 0852 0000 0000 0000 0000 16C2 7FFF 0000 0000 067C 0000 0E0B 0000 027A 0346 0000 0000 0137
18FE 0494 0000 5380 09D8 06E6 0855 0000 0000 0000 0000 16C2 7FFF 0000 0000 067C 0000 0E0C 0000 027B 0346 0000 0000 0137
18F5 04A3 0000 5399 09D8 06E9 085D 0000 0000 0000 0000 16C8 7FFF 0000 0000 067B 0000 0E09 0000 027A 034D 0000 0000 0138
1901 0494 0000 53A9 09D8 06E7 085B 0000 0000 0000 0000 16C5 7FFF 0000 0000 067B 0000 0E08 0000 0277 0341 0000 0000 0135
1908 04D2 0000 5371 09D8 06F8 0855 0000 0000 0000 0000 16E1 7FFF 0000 0000 067B 0000 0DF6 0000 0276 033C 0000 0000 013F
