1A94 0000 0000 0000 09C9 1302 09F4 0000 0000 0000 0000 2190 7FFF 0000 0000 0520 0000 0DB1 0000 043A 0351 0000 0000 022F
17A2 0000 0000 1024 09E1 1283 0921 0000 0000 0000 0000 235A 7FFF 0000 0000 0221 0000 1529 0000 029C 05F0 0000 0000 0336
17A2 0000 0000 1024 09E1 127F 0920 0000 0000 0000 0000 2356 7FFF 0000 0000 0221 0000 1524 0000 029B 05F0 0000 0000 0338
17A2 0000 0000 1021 09E1 1280 0920 0000 0000 0000 0000 2356 7FFF 0000 0000 0221 0000 1521 0000 029B 05EF 0000 0000 0339
17A3 0000 0000 101F 09E1 1281 0920 0000 0000 0000 0000 2357 7FFF 0000 0000 0221 0000 1522 0000 029B 05EF 0000 0000 0338
17A6 0000 0000 1020 09E1 1281 091F 0000 0000 0000 0000 2356 7FFF 0000 0000 0222 0000 1526 0000 029B 05EA 0000 0000 0335
17BD 0000 0000 102E 09E1 1281 0912 0000 0000 0000 0000 234C 7FFF 0000 0000 0224 0000 153C 0000 029C 05CF 0000 0000 0329
17A5 0000 0000 0FDB 09E0 12D3 0926 0000 0000 0000 0000 2382 7FFF 0000 0000 0247 0000 15AC 0000 0298 05E5 0000 0000 02B6
1784 0000 0000 103A 09E0 12A8 0937 0000 0000 0000 0000 2352 7FFF 0000 0000 023E 0000 15A2 0000 02A1 0605 0000 0000 02E9
178E 0000 0000 103D 09E0 128C 0931 0000 0000 0000 0000 233C 7FFF 0000 0000 0232 0000 155D 0000 0298 05F4 0000 0000 0309
17A8 0000 0000 1022 09E0 1277 0912 0000 0000 0000 0000 2326 7FFF 0000 0000 022B 0000 1570 0000 029E 05DF 0000 0000 0324
17AD 0000 0000 0FE2 09DF 129A 0922 0000 0000 0000 0000 2336 7FFF 0000 0000 023F 0000 15B5 0000 02A2 05C9 0000 0000 02E5
1795 0000 0000 1035 09DF 12A1 0925 0000 0000 0000 0000 2330 7FFF 0000 0000 0240 0000 15C3 0000 0298 05EB 0000 0000 02D9
179C 0000 0000 1020 09E0 1282 0918 0000 0000 0000 0000 232E 7FFF 0000 0000 022C 0000 1569 0000 0294 05E5 0000 0000 0325
179B 0000 0000 1011 09E0 1281 091A 0000 0000 0000 0000 2334 7FFF 0000 0000 022B 0000 1563 0000 0294 05E6 0000 0000 0327
17A6 0000 0000 101A 09E0 12A0 091F 0000 0000 0000 0000 237B 7FFF 0000 0000 0223 0000 1507 0000 0284 05DD 0000 0000 0342
