1A95 0000 0000 0000 09C7 12F8 09F2 0000 0000 0000 0000 218C 7FFF 0000 0000 0518 0000 0D90 0000 0436 0350 0000 0000 0246
17A7 0000 0000 1024 09E1 1282 091E 0000 0000 0000 0000 235D 7FFF 0000 0000 021F 0000 151E 0000 029A 05EB 0000 0000 033C
17A7 0000 0000 1023 09E1 1281 091D 0000 0000 0000 0000 2359 7FFF 0000 0000 0220 0000 1523 0000 029B 05EC 0000 0000 033A
17A7 0000 0000 1025 09E1 1280 091E 0000 0000 0000 0000 2358 7FFF 0000 0000 0221 0000 1525 0000 029B 05EB 0000 0000 0339
17A9 0000 0000 1023 09E1 1281 091D 0000 0000 0000 0000 2353 7FFF 0000 0000 0223 0000 1531 0000 029C 05E7 0000 0000 0331
17C0 0000 0000 102F 09E1 1293 090C 0000 0000 0000 0000 2360 7FFF 0000 0000 0229 0000 1555 0000 029D 05D1 0000 0000 031B
17A0 0000 0000 1019 09E0 12AF 092E 0000 0000 0000 0000 2377 7FFF 0000 0000 0231 0000 155D 0000 0296 05E1 0000 0000 0305
1798 0000 0000 1029 09E0 128C 091E 0000 0000 0000 0000 2333 7FFF 0000 0000 022E 0000 1566 0000 0293 05E9 0000 0000 0315
17A9 0000 0000 1011 09E0 129E 0912 0000 0000 0000 0000 2373 7FFF 0000 0000 021D 0000 14E2 0000 0273 05DD 0000 0000 0343
17A0 0000 0000 1016 09E0 1299 091C 0000 0000 0000 0000 2366 7FFF 0000 0000 0225 0000 1525 0000 0285 05DE 0000 0000 0339
179F 0000 0000 101C 09E0 1288 0919 0000 0000 0000 0000 2347 7FFF 0000 0000 0226 0000 153D 0000 028A 05E5 0000 0000 0338
17A9 0000 0000 103B 09E0 1294 0917 0000 0000 0000 0000 2364 7FFF 0000 0000 0221 0000 150C 0000 027B 05DA 0000 0000 033F
17A8 0000 0000 1017 09E0 128D 0913 0000 0000 0000 0000 235B 7FFF 0000 0000 0221 0000 1530 0000 028C 05DC 0000 0000 0340
17A9 0000 0000 100E 09E0 129D 0921 0000 0000 0000 0000 2352 7FFF 0000 0000 0235 0000 1579 0000 0295 05DB 0000 0000 0305
17C8 0000 0000 1076 09E0 12BC 090F 0000 0000 0000 0000 238B 7FFF 0000 0000 022C 0000 152F 0000 0282 05C3 0000 0000 0311
17CC 0000 0000 101A 09E1 12A5 0904 0000 0000 0000 0000 2372 7FFF 0000 0000 0221 0000 1510 0000 0287 05C9 0000 0000 031C
