1A91 0000 0000 0000 09C9 12F4 09F5 0000 0000 0000 0000 2186 7FFF 0000 0000 0519 0000 0D95 0000 043A 0355 0000 0000 0245
17A7 0000 0000 1023 09E1 1280 091E 0000 0000 0000 0000 2358 7FFF 0000 0000 0221 0000 1521 0000 029B 05EC 0000 0000 0338
17B3 0000 0000 1025 09E1 1281 0916 0000 0000 0000 0000 2357 7FFF 0000 0000 0221 0000 1529 0000 029D 05DF 0000 0000 0336
17BC 0000 0000 101A 09E1 1282 0916 0000 0000 0000 0000 2352 7FFF 0000 0000 0223 0000 153B 0000 029E 05CC 0000 0000 032C
17AA 0000 0000 0FFF 09E0 12BE 091C 0000 0000 0000 0000 23A5 7FFF 0000 0000 0227 0000 14ED 0000 027A 05D7 0000 0000 0323
179E 0000 0000 105B 09E0 1282 0919 0000 0000 0000 0000 2341 7FFF 0000 0000 0224 0000 1549 0000 028D 05E0 0000 0000 0339
17A6 0000 0000 1017 09E0 1276 0910 0000 0000 0000 0000 232A 7FFF 0000 0000 0226 0000 1564 0000 0295 05DD 0000 0000 033B
17AA 0000 0000 101A 09E0 1282 0911 0000 0000 0000 0000 2340 7FFF 0000 0000 0225 0000 1557 0000 0292 05D7 0000 0000 0339
17A2 0000 0000 101A 09E0 1293 0918 0000 0000 0000 0000 2346 7FFF 0000 0000 022F 0000 1576 0000 0291 05DE 0000 0000 031E
17A7 0000 0000 1035 09E0 127D 090F 0000 0000 0000 0000 2335 7FFF 0000 0000 0225 0000 1566 0000 0294 05DC 0000 0000 033B
17AB 0000 0000 101C 09E0 127C 0912 0000 0000 0000 0000 2339 7FFF 0000 0000 0224 0000 1551 0000 0292 05DA 0000 0000 033C
17C2 0000 0000 1028 09E0 12AC 090F 0000 0000 0000 0000 2392 7FFF 0000 0000 021D 0000 14D6 0000 0277 05CC 0000 0000 0348
17CC 0000 0000 100A 09E1 12B3 0903 0000 0000 0000 0000 237B 7FFF 0000 0000 0221 0000 152D 0000 0289 05CC 0000 0000 030A
17CB 0000 0000 101E 09E1 1293 0907 0000 0000 0000 0000 2362 7FFF 0000 0000 0220 0000 1542 0000 029A 05CA 0000 0000 0323
17CA 0000 0000 1027 09E1 127A 0907 0000 0000 0000 0000 2354 7FFF 0000 0000 0220 0000 154E 0000 02A6 05C8 0000 0000 0335
17CA 0000 0000 1025 09E1 1279 0907 0000 0000 0000 0000 2354 7FFF 0000 0000 021F 0000 154D 0000 02A6 05C8 0000 0000 0336
