1A94 0000 0000 0000 09C8 12F7 09F2 0000 0000 0000 0000 218B 7FFF 0000 0000 0518 0000 0D91 0000 0437 0350 0000 0000 0246
17A6 0000 0000 1023 09E1 1280 091D 0000 0000 0000 0000 2359 7FFF 0000 0000 0220 0000 1523 0000 029B 05EC 0000 0000 033A
17A6 0000 0000 1020 09E1 1282 091E 0000 0000 0000 0000 235B 7FFF 0000 0000 0220 0000 1520 0000 029A 05EC 0000 0000 033A
17A6 0000 0000 1023 09E1 1280 091E 0000 0000 0000 0000 2356 7FFF 0000 0000 0221 0000 1527 0000 029B 05EB 0000 0000 0338
17A6 0000 0000 1022 09E1 127F 091D 0000 0000 0000 0000 2356 7FFF 0000 0000 0220 0000 1526 0000 029B 05EB 0000 0000 033A
17B0 0000 0000 1026 09E1 1282 0919 0000 0000 0000 0000 2352 7FFF 0000 0000 0224 0000 1536 0000 029C 05E0 0000 0000 032F
17B5 0000 0000 1013 09E0 12C3 0928 0000 0000 0000 0000 238B 7FFF 0000 0000 0239 0000 1572 0000 0293 05C3 0000 0000 02E5
1771 0000 0000 1030 09E0 1287 093F 0000 0000 0000 0000 2345 7FFF 0000 0000 022D 0000 1569 0000 02A2 0619 0000 0000 031F
178F 0000 0000 1027 09E0 1286 092C 0000 0000 0000 0000 2333 7FFF 0000 0000 0233 0000 155D 0000 029D 05F6 0000 0000 0307
17A1 0000 0000 0FFF 09E0 1279 091D 0000 0000 0000 0000 2319 7FFF 0000 0000 0232 0000 1569 0000 029B 05E1 0000 0000 0311
17AF 0000 0000 100D 09E0 1280 0911 0000 0000 0000 0000 232A 7FFF 0000 0000 0231 0000 1586 0000 029D 05D2 0000 0000 0316
179D 0000 0000 1041 09E0 1292 091E 0000 0000 0000 0000 2341 7FFF 0000 0000 0230 0000 157C 0000 0290 05E0 0000 0000 0312
17B0 0000 0000 0FED 09E0 12B4 0913 0000 0000 0000 0000 239C 7FFF 0000 0000 021A 0000 14A8 0000 026C 05D9 0000 0000 0355
17B7 0000 0000 1083 09E0 12A4 0914 0000 0000 0000 0000 2390 7FFF 0000 0000 0218 0000 14E4 0000 0275 05CB 0000 0000 034E
179A 0000 0000 0FED 09DF 12A7 0925 0000 0000 0000 0000 234C 7FFF 0000 0000 023B 0000 15A0 0000 029B 05E3 0000 0000 02F4
17A0 0000 0000 1010 09E0 1283 091D 0000 0000 0000 0000 2327 7FFF 0000 0000 0232 0000 157E 0000 0299 05E3 0000 0000 0314
