1A95 0000 0000 0000 09C7 12F4 09F1 0000 0000 0000 0000 2183 7FFF 0000 0000 051C 0000 0D9A 0000 043A 0350 0000 0000 023D
17A8 0000 0000 1029 09E1 1280 091C 0000 0000 0000 0000 2358 7FFF 0000 0000 0221 0000 1529 0000 029E 05EA 0000 0000 0336
17A8 0000 0000 1025 09E1 1280 091C 0000 0000 0000 0000 2357 7FFF 0000 0000 0221 0000 152D 0000 029E 05E9 0000 0000 0334
17A9 0000 0000 1025 09E1 127E 091C 0000 0000 0000 0000 2353 7FFF 0000 0000 0222 0000 1532 0000 029F 05E7 0000 0000 0332
17AD 0000 0000 1021 09E1 127F 091A 0000 0000 0000 0000 2352 7FFF 0000 0000 0223 0000 1536 0000 029F 05E0 0000 0000 0330
17A0 0000 0000 0FF6 09E0 12B0 0920 0000 0000 0000 0000 238F 7FFF 0000 0000 0229 0000 150E 0000 0286 05E6 0000 0000 0320
179F 0000 0000 103A 09E0 129F 0918 0000 0000 0000 0000 2357 7FFF 0000 0000 022D 0000 1561 0000 028B 05E2 0000 0000 0309
17A8 0000 0000 1012 09E0 127E 0913 0000 0000 0000 0000 232A 7FFF 0000 0000 0228 0000 1568 0000 0293 05DD 0000 0000 032E
17A8 0000 0000 1016 09E0 1288 0915 0000 0000 0000 0000 2342 7FFF 0000 0000 0229 0000 155D 0000 0291 05D7 0000 0000 032E
179D 0000 0000 103C 09E0 1284 091B 0000 0000 0000 0000 2336 7FFF 0000 0000 022A 0000 1566 0000 028E 05E1 0000 0000 0329
17A6 0000 0000 1015 09E0 127F 0912 0000 0000 0000 0000 2339 7FFF 0000 0000 0224 0000 1544 0000 028D 05DC 0000 0000 033E
17AA 0000 0000 100D 09E0 1287 0912 0000 0000 0000 0000 234C 7FFF 0000 0000 0224 0000 1531 0000 028C 05DC 0000 0000 033D
17A6 0000 0000 1018 09E0 128F 091B 0000 0000 0000 0000 2359 7FFF 0000 0000 0226 0000 153E 0000 028F 05DB 0000 0000 0332
179E 0000 0000 1042 09E0 1284 092A 0000 0000 0000 0000 233E 7FFF 0000 0000 022D 0000 155E 0000 0293 05E9 0000 0000 031E
17BC 0000 0000 105B 09E0 12A1 0914 0000 0000 0000 0000 2381 7FFF 0000 0000 0223 0000 14E3 0000 0279 05D0 0000 0000 0340
17CC 0000 0000 102E 09E1 1296 0904 0000 0000 0000 0000 2373 7FFF 0000 0000 0222 0000 150A 0000 028B 05C9 0000 0000 032F
