1A97 0000 0000 0000 09C7 12F6 09F0 0000 0000 0000 0000 2188 7FFF 0000 0000 051A 0000 0D96 0000 0438 034D 0000 0000 0242
17A8 0000 0000 1024 09E1 1281 091D 0000 0000 0000 0000 235A 7FFF 0000 0000 0220 0000 151F 0000 029B 05EA 0000 0000 033A
17A8 0000 0000 1023 09E1 1280 091D 0000 0000 0000 0000 2357 7FFF 0000 0000 0221 0000 1529 0000 029D 05EA 0000 0000 0336
17A8 0000 0000 1023 09E1 1282 091C 0000 0000 0000 0000 235A 7FFF 0000 0000 0220 0000 1523 0000 029A 05EA 0000 0000 0339
17A8 0000 0000 1024 09E1 1280 091D 0000 0000 0000 0000 2356 7FFF 0000 0000 0221 0000 152B 0000 029C 05EA 0000 0000 0335
17B7 0000 0000 1029 09E1 1281 0914 0000 0000 0000 0000 2350 7FFF 0000 0000 0223 0000 1536 0000 029C 05DA 0000 0000 032E
17A7 0000 0000 101E 09E0 12C7 0926 0000 0000 0000 0000 2385 7FFF 0000 0000 0240 0000 15A6 0000 029B 05D9 0000 0000 02CB
177F 0000 0000 1039 09DF 127B 093D 0000 0000 0000 0000 2320 7FFF 0000 0000 0235 0000 15A1 0000 02AA 0603 0000 0000 0303
17A0 0000 0000 1022 09E0 1282 0919 0000 0000 0000 0000 231D 7FFF 0000 0000 0234 0000 1583 0000 02A1 05E4 0000 0000 02FF
17A6 0000 0000 1025 09E0 1283 0919 0000 0000 0000 0000 2324 7FFF 0000 0000 0233 0000 1588 0000 029C 05DE 0000 0000 0301
17A4 0000 0000 100E 09E0 1288 0917 0000 0000 0000 0000 233E 7FFF 0000 0000 022E 0000 157D 0000 029D 05E0 0000 0000 031F
179D 0000 0000 1022 09E0 1287 091A 0000 0000 0000 0000 232C 7FFF 0000 0000 0232 0000 1591 0000 0297 05E2 0000 0000 030F
17AD 0000 0000 0FE5 09E0 129F 0917 0000 0000 0000 0000 2378 7FFF 0000 0000 021F 0000 14CC 0000 0274 05DA 0000 0000 034A
17B8 0000 0000 1017 09E0 12B1 0917 0000 0000 0000 0000 2397 7FFF 0000 0000 0220 0000 14DF 0000 0275 05CE 0000 0000 0339
17A4 0000 0000 1034 09DF 12B8 0923 0000 0000 0000 0000 237F 7FFF 0000 0000 0230 0000 1550 0000 0287 05D9 0000 0000 0310
17A2 0000 0000 101D 09E0 1284 0919 0000 0000 0000 0000 232D 7FFF 0000 0000 0231 0000 1581 0000 029D 05E3 0000 0000 0314
