1A94 0000 0000 0000 09C8 12F6 09F2 0000 0000 0000 0000 2188 7FFF 0000 0000 051A 0000 0D95 0000 0437 0350 0000 0000 0242
17A6 0000 0000 1024 09E1 1281 091D 0000 0000 0000 0000 2357 7FFF 0000 0000 0221 0000 1528 0000 029C 05EB 0000 0000 0336
17A6 0000 0000 1025 09E1 1281 091D 0000 0000 0000 0000 2359 7FFF 0000 0000 0221 0000 1525 0000 029B 05EC 0000 0000 0337
17A6 0000 0000 1026 09E1 127E 091D 0000 0000 0000 0000 2353 7FFF 0000 0000 0222 0000 152A 0000 029C 05EB 0000 0000 0335
17A6 0000 0000 1024 09E1 127E 091D 0000 0000 0000 0000 2352 7FFF 0000 0000 0222 0000 152D 0000 029D 05EB 0000 0000 0335
17AB 0000 0000 1029 09E1 1281 091B 0000 0000 0000 0000 2351 7FFF 0000 0000 0224 0000 1539 0000 029D 05E4 0000 0000 032D
17BF 0000 0000 1022 09E0 12B1 0915 0000 0000 0000 0000 2376 7FFF 0000 0000 0234 0000 157B 0000 029D 05C5 0000 0000 02F6
1792 0000 0000 1040 09E0 12C1 0939 0000 0000 0000 0000 2372 7FFF 0000 0000 0240 0000 15BD 0000 029B 05ED 0000 0000 02D2
1774 0000 0000 1038 09E0 1293 093E 0000 0000 0000 0000 2349 7FFF 0000 0000 0234 0000 1572 0000 02A1 0619 0000 0000 030B
179B 0000 0000 101B 09E0 1288 091F 0000 0000 0000 0000 2334 7FFF 0000 0000 022F 0000 154E 0000 0295 05E6 0000 0000 031A
17B0 0000 0000 1021 09E0 128F 090C 0000 0000 0000 0000 2350 7FFF 0000 0000 0227 0000 1540 0000 028D 05D7 0000 0000 032D
17A4 0000 0000 102F 09DF 12AF 0923 0000 0000 0000 0000 2368 7FFF 0000 0000 0237 0000 158A 0000 028F 05D2 0000 0000 02F5
17AE 0000 0000 102F 09DF 128D 0920 0000 0000 0000 0000 2342 7FFF 0000 0000 0229 0000 1551 0000 0287 05D1 0000 0000 0325
17A4 0000 0000 102F 09E0 1288 0917 0000 0000 0000 0000 234E 7FFF 0000 0000 0222 0000 1540 0000 028C 05DC 0000 0000 033B
17A1 0000 0000 1028 09E0 1276 091D 0000 0000 0000 0000 232D 7FFF 0000 0000 0227 0000 1566 0000 0297 05E0 0000 0000 0330
179B 0000 0000 101A 09DF 129A 0926 0000 0000 0000 0000 233A 7FFF 0000 0000 023C 0000 1585 0000 0290 05E3 0000 0000 02F2
