0, 32, 64, 96, 

0, 8, 16, 24, 32, 40, 48, 56, 64, 72, 80, 88, 96, 104, 112, 120, 128, 136, 144, 152, 160, 168, 176, 184, 



0, 8, 16, 24, 32, 40, 48, 56, 64, 72, 80, 88, 96, 104, 112, 120, 128, 136, 144, 152, 160, 168, 176, 184, 

0, 96, 4, 100, 8, 104, 12, 108, 16, 112, 20, 116, 24, 120, 28, 124, 32, 128, 36, 132, 40, 136, 44, 140,

48, 144, 52, 148, 56, 152, 60, 156, 64, 160, 68, 164, 72, 168, 76, 172, 80, 176, 84, 180, 88, 184, 92, 188, 



48, 144, 52, 148, 56, 152, 60, 156, 64, 160, 68, 164, 72, 168, 76, 172, 80, 176, 84, 180, 88, 184, 92, 188, 

24, 72, 120, 168, 28, 76, 124, 172, 32, 80, 128, 176, 36, 84, 132, 180, 40, 88, 136, 184, 44, 92, 140, 188, 



24, 72, 120, 168, 28, 76, 124, 172, 32, 80, 128, 176, 36, 84, 132, 180, 40, 88, 136, 184, 44, 92, 140, 188, 

12, 36, 60, 84, 108, 132, 156, 180, 16, 40, 64, 88, 112, 136, 160, 184, 20, 44, 68, 92, 116, 140, 164, 188, 



12, 36, 60, 84, 108, 132, 156, 180, 16, 40, 64, 88, 112, 136, 160, 184, 20, 44, 68, 92, 116, 140, 164, 188, 

100, 112, 124, 136, 148, 160, 172, 184, 8, 20, 32, 44, 56, 68, 80, 92, 104, 116, 128, 140, 152, 164, 176, 188, 


0, 12, 24, 36, 48, 60, 72, 84, 96, 108, 120, 132, 144, 156, 168, 180, 4, 16, 28, 40, 52, 64, 76, 88, 100, 112, 124, 136, 148, 160, 172, 184, 8, 20, 32, 44, 56, 68, 80, 92, 104, 116, 128, 140, 152, 164, 176, 188, 

0, 96, 2, 98, 4, 100, 6, 102, 8, 104, 10, 106, 12, 108, 14, 110, 16, 112, 18, 114, 20, 116, 22, 118, 24, 120, 26, 122, 28, 124, 30, 126, 32, 128, 34, 130, 36, 132, 38, 134, 40, 136, 42, 138, 44, 140, 46, 142, 

48, 144, 50, 146, 52, 148, 54, 150, 56, 152, 58, 154, 60, 156, 62, 158, 64, 160, 66, 162, 68, 164, 70, 166, 72, 168, 74, 170, 76, 172, 78, 174, 80, 176, 82, 178, 84, 180, 86, 182, 88, 184, 90, 186, 92, 188, 94, 190, 



48, 144, 50, 146, 52, 148, 54, 150, 56, 152, 58, 154, 60, 156, 62, 158, 64, 160, 66, 162, 68, 164, 70, 166, 72, 168, 74, 170, 76, 172, 78, 174, 80, 176, 82, 178, 84, 180, 86, 182, 88, 184, 90, 186, 92, 188, 94, 190, 

24, 72, 120, 168, 26, 74, 122, 170, 28, 76, 124, 172, 30, 78, 126, 174, 32, 80, 128, 176, 34, 82, 130, 178, 36, 84, 132, 180, 38, 86, 134, 182, 40, 88, 136, 184, 42, 90, 138, 186, 44, 92, 140, 188, 46, 94, 142, 190, 



24, 72, 120, 168, 26, 74, 122, 170, 28, 76, 124, 172, 30, 78, 126, 174, 32, 80, 128, 176, 34, 82, 130, 178, 36, 84, 132, 180, 38, 86, 134, 182, 40, 88, 136, 184, 42, 90, 138, 186, 44, 92, 140, 188, 46, 94, 142, 190, 

12, 36, 60, 84, 108, 132, 156, 180, 14, 38, 62, 86, 110, 134, 158, 182, 16, 40, 64, 88, 112, 136, 160, 184, 18, 42, 66, 90, 114, 138, 162, 186, 20, 44, 68, 92, 116, 140, 164, 188, 22, 46, 70, 94, 118, 142, 166, 190, 



12, 36, 60, 84, 108, 132, 156, 180, 14, 38, 62, 86, 110, 134, 158, 182, 16, 40, 64, 88, 112, 136, 160, 184, 18, 42, 66, 90, 114, 138, 162, 186, 20, 44, 68, 92, 116, 140, 164, 188, 22, 46, 70, 94, 118, 142, 166, 190, 

6, 18, 30, 42, 54, 66, 78, 90, 102, 114, 126, 138, 150, 162, 174, 186, 8, 20, 32, 44, 56, 68, 80, 92, 104, 116, 128, 140, 152, 164, 176, 188, 10, 22, 34, 46, 58, 70, 82, 94, 106, 118, 130, 142, 154, 166, 178, 190, 



6, 18, 30, 42, 54, 66, 78, 90, 102, 114, 126, 138, 150, 162, 174, 186, 8, 20, 32, 44, 56, 68, 80, 92, 104, 116, 128, 140, 152, 164, 176, 188, 10, 22, 34, 46, 58, 70, 82, 94, 106, 118, 130, 142, 154, 166, 178, 190, 

98, 104, 110, 116, 122, 128, 134, 140, 146, 152, 158, 164, 170, 176, 182, 188, 4, 10, 16, 22, 28, 34, 40, 46, 52, 58, 64, 70, 76, 82, 88, 94, 100, 106, 112, 118, 124, 130, 136, 142, 148, 154, 160, 166, 172, 178, 184, 190, 



98, 104, 110, 116, 122, 128, 134, 140, 146, 152, 158, 164, 170, 176, 182, 188, 4, 10, 16, 22, 28, 34, 40, 46, 52, 58, 64, 70, 76, 82, 88, 94, 100, 106, 112, 118, 124, 130, 136, 142, 148, 154, 160, 166, 172, 178, 184, 190, 

144, 52, 150, 58, 156, 64, 162, 70, 168, 76, 174, 82, 180, 88, 186, 94, 2, 100, 8, 106, 14, 112, 20, 118, 26, 124, 32, 130, 38, 136, 44, 142, 50, 148, 56, 154, 62, 160, 68, 166, 74, 172, 80, 178, 86, 184, 92, 190, 



144, 52, 150, 58, 156, 64, 162, 70, 168, 76, 174, 82, 180, 88, 186, 94, 2, 100, 8, 106, 14, 112, 20, 118, 26, 124, 32, 130, 38, 136, 44, 142, 50, 148, 56, 154, 62, 160, 68, 166, 74, 172, 80, 178, 86, 184, 92, 190, 

72, 26, 170, 124, 78, 32, 176, 130, 84, 38, 182, 136, 90, 44, 188, 142, 96, 50, 4, 148, 102, 56, 10, 154, 108, 62, 16, 160, 114, 68, 22, 166, 120, 74, 28, 172, 126, 80, 34, 178, 132, 86, 40, 184, 138, 92, 46, 190, 



72, 26, 170, 124, 78, 32, 176, 130, 84, 38, 182, 136, 90, 44, 188, 142, 96, 50, 4, 148, 102, 56, 10, 154, 108, 62, 16, 160, 114, 68, 22, 166, 120, 74, 28, 172, 126, 80, 34, 178, 132, 86, 40, 184, 138, 92, 46, 190, 

36, 108, 180, 62, 134, 16, 88, 160, 42, 114, 186, 68, 140, 22, 94, 166, 48, 120, 2, 74, 146, 28, 100, 172, 54, 126, 8, 80, 152, 34, 106, 178, 60, 132, 14, 86, 158, 40, 112, 184, 66, 138, 20, 92, 164, 46, 118, 190, 



72, 26, 170, 124, 78, 32, 176, 130, 84, 38, 182, 136, 90, 44, 188, 142, 96, 50, 4, 148, 102, 56, 10, 154, 108, 62, 16, 160, 114, 68, 22, 166, 120, 74, 28, 172, 126, 80, 34, 178, 132, 86, 40, 184, 138, 92, 46, 190, 36, 108, 180, 62, 134, 16, 88, 160, 42, 114, 186, 68, 140, 22, 94, 166, 48, 120, 2, 74, 146, 28, 100, 172, 54, 126, 8, 80, 152, 34, 106, 178, 60, 132, 14, 86, 158, 40, 112, 184, 66, 138, 20, 92, 164, 46, 118, 190, 

0, 96, 1, 97, 2, 98, 3, 99, 4, 100, 5, 101, 6, 102, 7, 103, 8, 104, 9, 105, 10, 106, 11, 107, 12, 108, 13, 109, 14, 110, 15, 111, 16, 112, 17, 113, 18, 114, 19, 115, 20, 116, 21, 117, 22, 118, 23, 119, 24, 120, 25, 121, 26, 122, 27, 123, 28, 124, 29, 125, 30, 126, 31, 127, 32, 128, 33, 129, 34, 130, 35, 131, 36, 132, 37, 133, 38, 134, 39, 135, 40, 136, 41, 137, 42, 138, 43, 139, 44, 140, 45, 141, 46, 142, 47, 143, 

48, 144, 49, 145, 50, 146, 51, 147, 52, 148, 53, 149, 54, 150, 55, 151, 56, 152, 57, 153, 58, 154, 59, 155, 60, 156, 61, 157, 62, 158, 63, 159, 64, 160, 65, 161, 66, 162, 67, 163, 68, 164, 69, 165, 70, 166, 71, 167, 72, 168, 73, 169, 74, 170, 75, 171, 76, 172, 77, 173, 78, 174, 79, 175, 80, 176, 81, 177, 82, 178, 83, 179, 84, 180, 85, 181, 86, 182, 87, 183, 88, 184, 89, 185, 90, 186, 91, 187, 92, 188, 93, 189, 94, 190, 95, 191, 



48, 144, 49, 145, 50, 146, 51, 147, 52, 148, 53, 149, 54, 150, 55, 151, 56, 152, 57, 153, 58, 154, 59, 155, 60, 156, 61, 157, 62, 158, 63, 159, 64, 160, 65, 161, 66, 162, 67, 163, 68, 164, 69, 165, 70, 166, 71, 167, 72, 168, 73, 169, 74, 170, 75, 171, 76, 172, 77, 173, 78, 174, 79, 175, 80, 176, 81, 177, 82, 178, 83, 179, 84, 180, 85, 181, 86, 182, 87, 183, 88, 184, 89, 185, 90, 186, 91, 187, 92, 188, 93, 189, 94, 190, 95, 191, 

24, 72, 120, 168, 25, 73, 121, 169, 26, 74, 122, 170, 27, 75, 123, 171, 28, 76, 124, 172, 29, 77, 125, 173, 30, 78, 126, 174, 31, 79, 127, 175, 32, 80, 128, 176, 33, 81, 129, 177, 34, 82, 130, 178, 35, 83, 131, 179, 36, 84, 132, 180, 37, 85, 133, 181, 38, 86, 134, 182, 39, 87, 135, 183, 40, 88, 136, 184, 41, 89, 137, 185, 42, 90, 138, 186, 43, 91, 139, 187, 44, 92, 140, 188, 45, 93, 141, 189, 46, 94, 142, 190, 47, 95, 143, 191, 




24, 72, 120, 168, 25, 73, 121, 169, 26, 74, 122, 170, 27, 75, 123, 171, 28, 76, 124, 172, 29, 77, 125, 173, 30, 78, 126, 174, 31, 79, 127, 175, 32, 80, 128, 176, 33, 81, 129, 177, 34, 82, 130, 178, 35, 83, 131, 179, 36, 84, 132, 180, 37, 85, 133, 181, 38, 86, 134, 182, 39, 87, 135, 183, 40, 88, 136, 184, 41, 89, 137, 185, 42, 90, 138, 186, 43, 91, 139, 187, 44, 92, 140, 188, 45, 93, 141, 189, 46, 94, 142, 190, 47, 95, 143, 191, 

12, 36, 60, 84, 108, 132, 156, 180, 13, 37, 61, 85, 109, 133, 157, 181, 14, 38, 62, 86, 110, 134, 158, 182, 15, 39, 63, 87, 111, 135, 159, 183, 16, 40, 64, 88, 112, 136, 160, 184, 17, 41, 65, 89, 113, 137, 161, 185, 18, 42, 66, 90, 114, 138, 162, 186, 19, 43, 67, 91, 115, 139, 163, 187, 20, 44, 68, 92, 116, 140, 164, 188, 21, 45, 69, 93, 117, 141, 165, 189, 22, 46, 70, 94, 118, 142, 166, 190, 23, 47, 71, 95, 119, 143, 167, 191, 


12, 36, 60, 84, 108, 132, 156, 180, 13, 37, 61, 85, 109, 133, 157, 181, 14, 38, 62, 86, 110, 134, 158, 182, 15, 39, 63, 87, 111, 135, 159, 183, 16, 40, 64, 88, 112, 136, 160, 184, 17, 41, 65, 89, 113, 137, 161, 185, 18, 42, 66, 90, 114, 138, 162, 186, 19, 43, 67, 91, 115, 139, 163, 187, 20, 44, 68, 92, 116, 140, 164, 188, 21, 45, 69, 93, 117, 141, 165, 189, 22, 46, 70, 94, 118, 142, 166, 190, 23, 47, 71, 95, 119, 143, 167, 191, 

6, 18, 30, 42, 54, 66, 78, 90, 102, 114, 126, 138, 150, 162, 174, 186, 7, 19, 31, 43, 55, 67, 79, 91, 103, 115, 127, 139, 151, 163, 175, 187, 8, 20, 32, 44, 56, 68, 80, 92, 104, 116, 128, 140, 152, 164, 176, 188, 9, 21, 33, 45, 57, 69, 81, 93, 105, 117, 129, 141, 153, 165, 177, 189, 10, 22, 34, 46, 58, 70, 82, 94, 106, 118, 130, 142, 154, 166, 178, 190, 11, 23, 35, 47, 59, 71, 83, 95, 107, 119, 131, 143, 155, 167, 179, 191, 



0, 12, 24, 36, 48, 60, 72, 84, 96, 108, 120, 132, 144, 156, 168, 180, 1, 13, 25, 37, 49, 61, 73, 85, 97, 109, 121, 133, 145, 157, 169, 181, 2, 14, 26, 38, 50, 62, 74, 86, 98, 110, 122, 134, 146, 158, 170, 182, 3, 15, 27, 39, 51, 63, 75, 87, 99, 111, 123, 135, 147, 159, 171, 183, 4, 16, 28, 40, 52, 64, 76, 88, 100, 112, 124, 136, 148, 160, 172, 184, 5, 17, 29, 41, 53, 65, 77, 89, 101, 113, 125, 137, 149, 161, 173, 185, 6, 18, 30, 42, 54, 66, 78, 90, 102, 114, 126, 138, 150, 162, 174, 186, 7, 19, 31, 43, 55, 67, 79, 91, 103, 115, 127, 139, 151, 163, 175, 187, 8, 20, 32, 44, 56, 68, 80, 92, 104, 116, 128, 140, 152, 164, 176, 188, 9, 21, 33, 45, 57, 69, 81, 93, 105, 117, 129, 141, 153, 165, 177, 189, 10, 22, 34, 46, 58, 70, 82, 94, 106, 118, 130, 142, 154, 166, 178, 190, 11, 23, 35, 47, 59, 71, 83, 95, 107, 119, 131, 143, 155, 167, 179, 191, 

0, 1, 2, 3, 4, 5, 6, 7, 8, 9, 10, 11, 12, 13, 14, 15, 16, 17, 18, 19, 20, 21, 22, 23, 