0000 000E 00F0 0029
0000 0000 0000 0000
00E3 0000 00FE 011D
0000 0000 0000 0000
008E 0040 0000 003F
0000 0000 0000 0000
0111 005F 0000 0000
0000 0000 0000 0000
01D7 01A3 0031 011E
0000 0000 0000 0000
0168 013E 01B5 0134
0000 0000 0000 0000
0025 0057 0000 0091
0000 0000 0000 0000
00BC 007E 0055 0144
0000 0000 0000 0000
0090 0109 015C 010D
0000 0000 0000 0000
00E6 0069 0007 0000
0000 0000 0000 0000
00B1 00F3 00DD 00E8
0000 0000 0000 0000
0050 00AE 0119 00D3
0000 0000 0000 0000
0077 00BC 0176 0155
0000 0000 0000 0000
0021 0057 006A 008B
0000 0000 0000 0000
0000 0000 0000 0000
0000 0000 0000 0000
0000 0000 0071 002C
0000 0000 0000 0000
0054 00E6 00F2 0121
0000 0000 0000 0000
00A6 0000 0025 0069
0000 0000 0000 0000
005A 008E 01DD 0235
0000 0000 0000 0000
004C 0027 0056 0079
0000 0000 0000 0000
004F 00B6 0084 0005
0000 0000 0000 0000
0095 0091 0099 0046
0000 0000 0000 0000
004C 0110 008D 0066
0000 0000 0000 0000
0101 0139 002F 0029
0000 0000 0000 0000
0040 0042 002E 0062
0000 0000 0000 0000
00C7 0000 0000 0000
0000 0000 0000 0000
0000 0075 00DC 002D
0000 0000 0000 0000
00A6 0069 0151 0154
0000 0000 0000 0000
00D8 0000 0000 0000
0000 0000 0000 0000
0092 00CB 0000 0039
0000 0000 0000 0000
00D8 015C 01AE 015F
0000 0000 0000 0000
009B 0000 0000 0000
0000 0000 0000 0000
003A 0000 0011 0043
0000 0000 0000 0000
0026 0014 00BD 00DB
0000 0000 0000 0000
0032 000A 0000 0000
0000 0000 0000 0000
0000 000A 00D3 003F
0000 0000 0000 0000
0126 00E4 009F 006C
0000 0000 0000 0000
005D 0000 012E 00DC
0000 0000 0000 0000
0000 008F 0086 00A7
0000 0000 0000 0000
0036 0000 000C 0024
0000 0000 0000 0000
009C 0020 0044 0036
0000 0000 0000 0000
0043 0000 0000 0019
0000 0000 0000 0000
0000 0000 0000 0000
0000 0000 0000 0000
00E2 006A 0127 00B7
0000 0000 0000 0000
0027 006A 0118 008E
0000 0000 0000 0000
0000 0048 004F 0059
0000 0000 0000 0000
00B6 0087 0154 010D
0000 0000 0000 0000
0073 008D 0073 0079
0000 0000 0000 0000
0000 005D 011F 005C
0000 0000 0000 0000
0093 0000 0000 0000
0000 0000 0000 0000
0069 0000 0000 0000
0000 0000 0000 0000
0000 0027 0000 0000
0000 0000 0000 0000
00DA 0016 0073 0058
0000 0000 0000 0000
009D 0000 0000 0000
0000 0000 0000 0000
007D 0059 0000 0000
0000 0000 0000 0000
0000 0061 0173 00DF
0000 0000 0000 0000
0000 0000 001C 0066
0000 0000 0000 0000
00F4 00B0 0000 0000
0000 0000 0000 0000
00A1 0000 0000 0039
0000 0000 0000 0000
014F 00EF 0059 000A
0000 0000 0000 0000
001A 002A 0000 0072
0000 0000 0000 0000
0000 0000 003B 0000
0000 0000 0000 0000
00F1 006C 0157 01FA
0000 0000 0000 0000
00CD 0000 0000 0000
0000 0000 0000 0000
0057 0000 007F 0051
0000 0000 0000 0000
009A 0166 01B6 00FC
0000 0000 0000 0000
0029 00E9 0127 0099
0000 0000 0000 0000
0000 0000 00C9 005F
0000 0000 0000 0000
0000 0000 0000 0000
0000 0000 0000 0000
0043 0046 0058 0068
0000 0000 0000 0000
010E 00EA 003D 001C
0000 0000 0000 0000
0000 0000 0037 0000
0000 0000 0000 0000
008A 011D 0066 0010
0000 0000 0000 0000
0000 0033 0097 0000
0000 0000 0000 0000
01CF 0072 0000 0030
0000 0000 0000 0000
0020 0028 0061 008B
0000 0000 0000 0000
0095 00B8 00C2 00E1
0000 0000 0000 0000
0000 0136 0053 0000
0000 0000 0000 0000
008F 0083 00F6 00C1
0000 0000 0000 0000
00D6 002C 0000 0000
0000 0000 0000 0000
0040 0000 0000 0000
0000 0000 0000 0000
0000 0000 00A9 001D
0000 0000 0000 0000
00C8 00CC 00B1 00E2
0000 0000 0000 0000
007B 0072 0035 0023
0000 0000 0000 0000
0092 006E 004D 0043
0000 0000 0000 0000
000C 0000 00B8 0119
0000 0000 0000 0000
0041 007A 011B 010C
0000 0000 0000 0000
003A 0000 0000 0000
0000 0000 0000 0000
0000 0011 0034 0013
0000 0000 0000 0000
0064 0000 0000 0000
0000 0000 0000 0000
0014 0000 0000 0000
0000 0000 0000 0000
0000 0000 00FB 0083
0000 0000 0000 0000
0000 0000 006D 0000
0000 0000 0000 0000
0000 004E 0000 0000
0000 0000 0000 0000
00BA 005C 0000 0000
0000 0000 0000 0000
003E 0000 0037 008D
0000 0000 0000 0000

002B 0000 00E3 0010
0000 0000 0000 0000
0030 0073 013A 008F
0000 0000 0000 0000
004A 002D 0000 007C
0000 0000 0000 0000
0000 0000 007B 0080
0000 0000 0000 0000
01C8 0092 0000 0129
0000 0000 0000 0000
0076 00D7 0117 017E
0000 0000 0000 0000
0036 0064 0159 0100
0000 0000 0000 0000
0124 010A 00CF 014F
0000 0000 0000 0000
00BA 011B 0189 00EA
0000 0000 0000 0000
0031 000E 0000 009A
0000 0000 0000 0000
0128 0148 012B 0089
0000 0000 0000 0000
00C2 0135 0122 00F3
0000 0000 0000 0000
0083 0157 0149 00BB
0000 0000 0000 0000
008A 0095 0079 0081
0000 0000 0000 0000
0000 0000 0000 0000
0000 0000 0000 0000
0000 0092 010E 0000
0000 0000 0000 0000
008F 0050 00A2 008D
0000 0000 0000 0000
0026 0000 0000 0000
0000 0000 0000 0000
008A 0226 0263 015E
0000 0000 0000 0000
004C 005E 0038 0061
0000 0000 0000 0000
00AF 0072 006B 0046
0000 0000 0000 0000
0098 005D 007E 0074
0000 0000 0000 0000
0075 00BA 0036 0035
0000 0000 0000 0000
00F6 00A7 0033 0118
0000 0000 0000 0000
006C 0063 0033 0059
0000 0000 0000 0000
0059 0000 0000 0000
0000 0000 0000 0000
0000 008B 0167 005E
0000 0000 0000 0000
00DC 0115 01B2 0142
0000 0000 0000 0000
0000 0000 0000 0000
0000 0000 0000 0000
00E0 0110 0000 009C
0000 0000 0000 0000
00F9 0182 0135 011F
0000 0000 0000 0000
0045 0000 0000 0000
0000 0000 0000 0000
0000 0000 0082 0072
0000 0000 0000 0000
005D 00DE 0100 00AF
0000 0000 0000 0000
0036 0000 0000 001B
0000 0000 0000 0000
0000 0056 00BB 0000
0000 0000 0000 0000
00BF 00AE 005B 0092
0000 0000 0000 0000
0000 006B 0148 0000
0000 0000 0000 0000
000F 006E 009A 007B
0000 0000 0000 0000
0000 0000 0000 0000
0000 0000 0000 0000
0000 0000 0000 0000
0000 0000 0000 0000
0004 0000 0041 0013
0000 0000 0000 0000
000E 0000 0000 0000
0000 0000 0000 0000
0016 009D 01C0 004B
0000 0000 0000 0000
0069 00E5 0115 0096
0000 0000 0000 0000
0000 00B3 000C 0000
0000 0000 0000 0000
00A5 00EF 0229 00BF
0000 0000 0000 0000
00BE 00B4 009B 00B4
0000 0000 0000 0000
0000 0148 01EA 0077
0000 0000 0000 0000
0000 0000 0000 0000
0000 0000 0000 0000
0031 0000 0000 0000
0000 0000 0000 0000
0000 0000 0000 0103
0000 0000 0000 0000
0000 0000 00A8 000E
0000 0000 0000 0000
004F 0000 0000 0000
0000 0000 0000 0000
0083 0000 0000 0015
0000 0000 0000 0000
0000 00A0 0173 0000
0000 0000 0000 0000
0000 005B 008D 0000
0000 0000 0000 0000
0103 004F 0000 00DC
0000 0000 0000 0000
004C 0000 0000 0000
0000 0000 0000 0000
0129 006A 006D 0000
0000 0000 0000 0000
0094 0001 0000 003E
0000 0000 0000 0000
0000 0000 0068 0000
0000 0000 0000 0000
0027 0000 0105 019F
0000 0000 0000 0000
0033 0000 0000 0000
0000 0000 0000 0000
0000 0000 0000 0000
0000 0000 0000 0000
00AB 0189 01D5 00D8
0000 0000 0000 0000
0042 0114 00D8 0050
0000 0000 0000 0000
0000 00BC 0074 0022
0000 0000 0000 0000
0000 0000 0000 0000
0000 0000 0000 0000
001E 00AA 005F 00B6
0000 0000 0000 0000
00ED 0071 0000 002F
0000 0000 0000 0000
0000 0000 0067 0008
0000 0000 0000 0000
0161 00CA 0062 0136
0000 0000 0000 0000
000D 0095 00C5 0000
0000 0000 0000 0000
00C8 0000 0000 0011
0000 0000 0000 0000
0020 00DE 01D1 0120
0000 0000 0000 0000
010A 00F7 00BD 01A2
0000 0000 0000 0000
003C 0125 0000 006F
0000 0000 0000 0000
0000 0022 00E7 0058
0000 0000 0000 0000
0000 0000 0000 0000
0000 0000 0000 0000
0000 0000 0000 0000
0000 0000 0000 0000
0000 000C 0000 0000
0000 0000 0000 0000
009D 00B0 00B7 00B3
0000 0000 0000 0000
00C9 0041 0050 0076
0000 0000 0000 0000
00D7 0087 00D9 004D
0000 0000 0000 0000
0000 006B 0071 00D6
0000 0000 0000 0000
00EA 0131 0138 00F4
0000 0000 0000 0000
006E 0000 0000 001E
0000 0000 0000 0000
0000 003D 0000 0000
0000 0000 0000 0000
0000 0000 0000 0000
0000 0000 0000 0000
0043 0000 0012 0000
0000 0000 0000 0000
0000 0000 00D6 0000
0000 0000 0000 0000
0000 001A 0073 0000
0000 0000 0000 0000
0000 0009 0000 0000
0000 0000 0000 0000
00CB 0000 0060 00C6
0000 0000 0000 0000
0000 0000 000E 0000
0000 0000 0000 0000

003E 000D 0009 0000
0000 0000 0000 0000
00CC 00E1 0093 009F
0000 0000 0000 0000
006E 00A2 0026 0033
0000 0000 0000 0000
0098 0033 0012 0039
0000 0000 0000 0000
01B4 013E 0126 01DA
0000 0000 0000 0000
00FA 00B2 00AD 008A
0000 0000 0000 0000
0000 00DD 011D 00DE
0000 0000 0000 0000
00B8 008F 0020 00EE
0000 0000 0000 0000
00D5 016F 0113 0098
0000 0000 0000 0000
00DB 0088 004C 0097
0000 0000 0000 0000
008A 00B8 00C5 0091
0000 0000 0000 0000
00C3 0072 00C6 010D
0000 0000 0000 0000
00AC 0129 0149 006E
0000 0000 0000 0000
0082 006A 00BF 003A
0000 0000 0000 0000
0000 0000 0000 0000
0000 0000 0000 0000
0000 00B1 009C 0000
0000 0000 0000 0000
0063 0100 009D 00CD
0000 0000 0000 0000
00D2 002A 0000 00AF
0000 0000 0000 0000
0080 0209 0269 015D
0000 0000 0000 0000
0056 0068 007C 0078
0000 0000 0000 0000
00A1 009F 0114 00B3
0000 0000 0000 0000
00D3 010D 016B 00DF
0000 0000 0000 0000
0064 009F 008B 0049
0000 0000 0000 0000
00DE 0075 001D 00E5
0000 0000 0000 0000
0038 00A7 00B1 008C
0000 0000 0000 0000
0063 0000 0000 006B
0000 0000 0000 0000
0000 0032 0000 0006
0000 0000 0000 0000
00FA 0138 0161 00B6
0000 0000 0000 0000
002E 0000 0000 0006
0000 0000 0000 0000
00A0 006B 0001 005C
0000 0000 0000 0000
00A8 0140 0192 009A
0000 0000 0000 0000
0000 0000 0000 0018
0000 0000 0000 0000
001F 0005 0000 0030
0000 0000 0000 0000
0069 00BB 00B8 0048
0000 0000 0000 0000
0062 0059 0000 0028
0000 0000 0000 0000
0000 00D4 0146 0000
0000 0000 0000 0000
008D 0029 0000 0078
0000 0000 0000 0000
0000 0056 014B 0000
0000 0000 0000 0000
0000 0129 0121 005A
0000 0000 0000 0000
0014 0000 0000 0000
0000 0000 0000 0000
0015 0000 0000 0000
0000 0000 0000 0000
000E 0000 0000 0000
0000 0000 0000 0000
0000 0002 0000 0003
0000 0000 0000 0000
0068 00E4 011E 0060
0000 0000 0000 0000
0043 003A 0000 0040
0000 0000 0000 0000
0000 00EF 0097 0000
0000 0000 0000 0000
00D4 0124 0155 00C6
0000 0000 0000 0000
006C 000D 00A9 003F
0000 0000 0000 0000
0000 0154 01B9 0037
0000 0000 0000 0000
0000 0000 0000 0000
0000 0000 0000 0000
0045 0000 0000 0000
0000 0000 0000 0000
0000 0000 0000 00EE
0000 0000 0000 0000
001A 0000 0000 0000
0000 0000 0000 0000
0036 0000 0000 0028
0000 0000 0000 0000
0060 00B2 0000 0020
0000 0000 0000 0000
0000 008D 00D3 0000
0000 0000 0000 0000
0000 008B 00EC 0010
0000 0000 0000 0000
00C0 0016 0000 00D5
0000 0000 0000 0000
0061 0000 0000 0006
0000 0000 0000 0000
013C 0130 009E 0000
0000 0000 0000 0000
0075 00A6 0079 0047
0000 0000 0000 0000
0000 0000 0020 0000
0000 0000 0000 0000
0030 0097 0116 0161
0000 0000 0000 0000
004C 0000 0000 0000
0000 0000 0000 0000
0006 0000 0000 0023
0000 0000 0000 0000
00BB 0105 0145 00E2
0000 0000 0000 0000
0043 0135 01AB 004D
0000 0000 0000 0000
0000 0000 0000 0000
0000 0000 0000 0000
0000 0000 0000 0000
0000 0000 0000 0000
0000 0083 0064 0065
0000 0000 0000 0000
0110 001A 0000 00AF
0000 0000 0000 0000
0000 0035 003B 0000
0000 0000 0000 0000
00FF 0029 0000 00A6
0000 0000 0000 0000
0018 0000 0065 0000
0000 0000 0000 0000
00D4 0000 0000 0000
0000 0000 0000 0000
0091 012A 013C 00F7
0000 0000 0000 0000
00DC 008B 00AC 0111
0000 0000 0000 0000
0000 000B 0000 0000
0000 0000 0000 0000
0000 005C 00C2 001E
0000 0000 0000 0000
0000 0000 0000 0000
0000 0000 0000 0000
0000 0000 0000 0000
0000 0000 0000 0000
0000 0000 0000 0000
0000 0000 0000 0000
008D 00BB 0095 0076
0000 0000 0000 0000
00D8 0078 004F 00E3
0000 0000 0000 0000
00DF 00E9 00C5 00DB
0000 0000 0000 0000
0049 0091 0081 00E7
0000 0000 0000 0000
003B 00D2 016D 0085
0000 0000 0000 0000
0067 0000 0000 0010
0000 0000 0000 0000
0000 0000 0000 0000
0000 0000 0000 0000
0000 0000 0000 0000
0000 0000 0000 0000
0031 0000 0000 000A
0000 0000 0000 0000
0000 00A2 00B7 0000
0000 0000 0000 0000
0000 0000 0000 0000
0000 0000 0000 0000
0000 0000 0000 0000
0000 0000 0000 0000
00E2 0033 0000 00EC
0000 0000 0000 0000
0000 0000 0000 0000
0000 0000 0000 0000

00C4 005E 002C 004A
0000 0000 0000 0000
0140 00CD 0081 00CD
0000 0000 0000 0000
0069 0000 0000 0013
0000 0000 0000 0000
0079 0000 0000 009A
0000 0000 0000 0000
00E7 017F 01DB 01CE
0000 0000 0000 0000
0144 007E 0000 00CD
0000 0000 0000 0000
0000 00A5 00FB 0076
0000 0000 0000 0000
00F0 012D 0101 00D0
0000 0000 0000 0000
0097 01A7 0121 00BB
0000 0000 0000 0000
00FD 0107 004D 010C
0000 0000 0000 0000
00A0 013C 00F4 0066
0000 0000 0000 0000
00DB 00AE 0105 00BA
0000 0000 0000 0000
00C4 010B 00EC 0000
0000 0000 0000 0000
012C 0090 006B 00CC
0000 0000 0000 0000
0000 0000 0000 0000
0000 0000 0000 0000
0000 005C 0000 0000
0000 0000 0000 0000
004D 014C 00D4 009C
0000 0000 0000 0000
009A 004E 003D 0036
0000 0000 0000 0000
0060 01CA 018B 007B
0000 0000 0000 0000
0023 002B 0065 0028
0000 0000 0000 0000
0000 0040 00D6 0039
0000 0000 0000 0000
008A 0061 00B9 00D5
0000 0000 0000 0000
0069 0090 009D 0061
0000 0000 0000 0000
00D1 00A5 0108 01E6
0000 0000 0000 0000
00D3 0167 01BB 0105
0000 0000 0000 0000
0037 0000 0000 0000
0000 0000 0000 0000
0000 0000 0000 0000
0000 0000 0000 0000
015A 00FD 011D 00CC
0000 0000 0000 0000
00E6 00C8 0000 0010
0000 0000 0000 0000
0000 0043 00BB 0084
0000 0000 0000 0000
0165 0123 0122 0154
0000 0000 0000 0000
0000 0000 0054 003C
0000 0000 0000 0000
0057 0000 0000 0000
0000 0000 0000 0000
0036 0086 00E4 0000
0000 0000 0000 0000
001C 0030 0000 0040
0000 0000 0000 0000
0000 0000 002F 0000
0000 0000 0000 0000
016A 008A 00AA 018D
0000 0000 0000 0000
0000 001E 0064 0000
0000 0000 0000 0000
0028 0174 011F 00DF
0000 0000 0000 0000
0014 0000 0000 0000
0000 0000 0000 0000
0032 0000 0000 0000
0000 0000 0000 0000
0000 0000 0000 0000
0000 0000 0000 0000
0000 0000 0000 0000
0000 0000 0000 0000
0055 00C0 0024 0002
0000 0000 0000 0000
0000 0000 0000 003F
0000 0000 0000 0000
0000 00E1 00E6 0000
0000 0000 0000 0000
0058 00D8 0109 0066
0000 0000 0000 0000
0109 00DD 0122 018A
0000 0000 0000 0000
000F 0105 00E4 0000
0000 0000 0000 0000
0070 0053 0000 0000
0000 0000 0000 0000
0072 0000 0045 0049
0000 0000 0000 0000
001C 0011 0038 00D6
0000 0000 0000 0000
0054 0000 0000 0000
0000 0000 0000 0000
0089 0000 0001 0057
0000 0000 0000 0000
0000 0064 001C 0000
0000 0000 0000 0000
0025 008C 0000 0000
0000 0000 0000 0000
0000 0000 0073 0000
0000 0000 0000 0000
0000 0000 0000 000E
0000 0000 0000 0000
0027 000B 0000 0064
0000 0000 0000 0000
0161 0173 00A0 0000
0000 0000 0000 0000
0066 0103 0161 00C7
0000 0000 0000 0000
00B7 006E 0000 0000
0000 0000 0000 0000
00FE 00AE 00D4 0188
0000 0000 0000 0000
0000 0000 0000 0000
0000 0000 0000 0000
0000 0000 0000 0000
0000 0000 0000 0000
0069 0000 0019 0000
0000 0000 0000 0000
0059 0070 0060 0040
0000 0000 0000 0000
0055 00B1 0000 0000
0000 0000 0000 0000
0004 0000 0000 0000
0000 0000 0000 0000
0015 0096 00A4 0001
0000 0000 0000 0000
00BD 0039 0068 00CA
0000 0000 0000 0000
0000 0000 0000 0000
0000 0000 0000 0000
013E 0098 012A 01AD
0000 0000 0000 0000
0030 0000 005A 0000
0000 0000 0000 0000
008A 009B 0000 0000
0000 0000 0000 0000
0001 0098 0059 0054
0000 0000 0000 0000
006F 007B 00B1 00AA
0000 0000 0000 0000
00E9 00E4 0091 00A1
0000 0000 0000 0000
00A6 0081 0040 004F
0000 0000 0000 0000
0000 0000 0000 0000
0000 0000 0000 0000
0000 0000 0000 0000
0000 0000 0000 0000
0000 0000 0000 0000
0000 0000 0000 0000
00BC 00E4 011C 0144
0000 0000 0000 0000
007C 0087 0079 009D
0000 0000 0000 0000
0069 00A1 008C 0062
0000 0000 0000 0000
0095 00FA 0176 0103
0000 0000 0000 0000
01B8 0165 01B8 01AE
0000 0000 0000 0000
00F3 0057 00B4 017A
0000 0000 0000 0000
007B 008E 0041 0065
0000 0000 0000 0000
0000 0000 0000 0000
0000 0000 0000 0000
0000 0000 0000 0000
0000 0000 0000 0000
001B 0085 0000 0000
0000 0000 0000 0000
0000 0000 0000 0000
0000 0000 0000 0000
0000 0000 0000 0000
0000 0000 0000 0000
0000 0000 0000 0053
0000 0000 0000 0000
0000 0000 0000 0000
0000 0000 0000 0000
